tree
version=v4
num_class=1
num_tree_per_iteration=1
label_index=0
max_feature_idx=143
objective=binary sigmoid:1
feature_names=Column_0 Column_1 Column_2 Column_3 Column_4 Column_5 Column_6 Column_7 Column_8 Column_9 Column_10 Column_11 Column_12 Column_13 Column_14 Column_15 Column_16 Column_17 Column_18 Column_19 Column_20 Column_21 Column_22 Column_23 Column_24 Column_25 Column_26 Column_27 Column_28 Column_29 Column_30 Column_31 Column_32 Column_33 Column_34 Column_35 Column_36 Column_37 Column_38 Column_39 Column_40 Column_41 Column_42 Column_43 Column_44 Column_45 Column_46 Column_47 Column_48 Column_49 Column_50 Column_51 Column_52 Column_53 Column_54 Column_55 Column_56 Column_57 Column_58 Column_59 Column_60 Column_61 Column_62 Column_63 Column_64 Column_65 Column_66 Column_67 Column_68 Column_69 Column_70 Column_71 Column_72 Column_73 Column_74 Column_75 Column_76 Column_77 Column_78 Column_79 Column_80 Column_81 Column_82 Column_83 Column_84 Column_85 Column_86 Column_87 Column_88 Column_89 Column_90 Column_91 Column_92 Column_93 Column_94 Column_95 Column_96 Column_97 Column_98 Column_99 Column_100 Column_101 Column_102 Column_103 Column_104 Column_105 Column_106 Column_107 Column_108 Column_109 Column_110 Column_111 Column_112 Column_113 Column_114 Column_115 Column_116 Column_117 Column_118 Column_119 Column_120 Column_121 Column_122 Column_123 Column_124 Column_125 Column_126 Column_127 Column_128 Column_129 Column_130 Column_131 Column_132 Column_133 Column_134 Column_135 Column_136 Column_137 Column_138 Column_139 Column_140 Column_141 Column_142 Column_143
feature_infos=none [-9.5541343688964844:12.745669364929199] [-7.5662751197814941:6.952181339263916] [0:12.82858943939209] [0.1155245304107666:1.1723979711532593] [0.1155245304107666:1.5506080389022827] [-0.38448148965835571:0.68055558204650879] [-0.65025806427001953:0.86527776718139648] [0:1] [0:1.3044185638427734] [0.13862943649291992:0.90217190980911255] [0:0.54930615425109863] [0:0.83305114507675171] [0:1.0548769235610962] [0:1.3506693840026855] [0:0.70830333232879639] [0:0.70830333232879639] [0:0.70830333232879639] [0:0.70830333232879639] [0:1.4632850885391235] [0:1.5834863185882568] [0:1.6891461610794067] [0:1.6898586750030518] [0:1.0357836484909058] [0:1.3195286989212036] [0:1.5403017997741699] [0:1.8361797332763672] [0:1.6896346807479858] [0:1.3911069631576538] [0:1.3091105222702026] [0:1.5439667701721191] [0:1.7978572845458984] [0:1.5660536289215088] [0:1.5130223035812378] [0:1.7450189590454102] [0:2.0435347557067871] [0:1.6423828601837158] [0:1.6366963386535645] [0:1.8862152099609375] [0:2.1893672943115234] [0:1.1190284490585327] [0:1.1989476680755615] [0:1.4086973667144775] [0:1.5850898027420044] [0:1.1793015003204346] [0:1.2130075693130493] [0:1.4630506038665771] [0:1.626446008682251] [0:1.2879225015640259] [0:1.7190661430358887] [0:1.8205183744430542] [0:1.8294690847396851] [0:1.3911069631576538] [0:2.2347836494445801] [0:1.7450189590454102] [0:2.8770260810852051] [0:2.0435347557067871] [0:3.3494265079498291] [0:1.8862152099609375] [0:3.1557281017303467] [-9.5541343688964844:12.745669364929199] [-7.5662751197814941:6.952181339263916] [-13.66785717010498:14.311351776123047] [-6.8405485153198242:7.9279866218566895] [-1.0000001192092896:1.0000001192092896] [-25.131523132324219:24.940521240234375] [-12.828535079956055:11.304247856140137] [-3.4173402786254883:3.769134521484375] [-1.3317948579788208:2.1851363182067871] [-1.0000001192092896:1.0000001192092896] [-8.2279834747314453:10.568971633911133] [-12.82837963104248:9.5541343688964844] [0:11.536117553710938] [0:11.560286521911621] [0:5.8992123603820801] [0:10.102203369140625] none none [0.1155245304107666:0.75180989503860474] [0:1.6026453971862793] [0:1.5000805854797363] [0.40000000596046448:1] [0:0.93826955556869507] [0:0.37446653842926025] [0:0.51589179039001465] [0:0.51789182424545288] [0:0.4939054548740387] [-13.66785717010498:14.311351776123047] [-6.8405485153198242:7.9279866218566895] [0.1155245304107666:1.4838106632232666] [0:1] [-1:1] [-1:1] [-10.51795482635498:11.709933280944824] [-4.1629676818847656:3.5190656185150146] [0.1155245304107666:1.4481215476989746] [0:0.89515024423599243] [0:0.87782186269760132] [0.40000000596046448:1] [0:0.43132838606834412] [0:0.20687729120254517] [0:0.29770714044570923] [0:0.33574318885803223] [0:0.33850625157356262] [-0.89354348182678223:1.7869356870651245] [-0.35489180684089661:0.50392770767211914] [0.1155245304107666:0.9237024188041687] [0:0.9375] [-0.43460264801979065:0.57871884107589722] [-0.41887304186820984:1] [-7.7621240615844727:9.3918819427490234] [-3.8528227806091309:3.4875655174255371] [0.1155245304107666:1.2726359367370605] [0:1.1009762287139893] [0:1.0479933023452759] [0.40000000596046448:1] [0:0.61478424072265625] [0:0.22396993637084961] [0:0.47583281993865967] [0:0.45136472582817078] [0:0.4292483925819397] [-3.4173402786254883:3.769134521484375] [-1.3317948579788208:2.1851363182067871] [0.1155245304107666:1.1700452566146851] [0:1] [-0.99058210849761963:0.967537522315979] [-0.99404531717300415:1] [-7.0244364738464355:7.0379838943481445] [-2.8705458641052246:3.1927292346954346] [-1.0932767391204834:0.8570173978805542] [-0.67706358432769775:0.69434994459152222] [-0.68617415428161621:0.68617415428161621] [-0.60000002384185791:1] [-0.29297670722007751:0.31883633136749268] [-0.20598980784416199:0.20598980784416199] [-0.3298821747303009:0.2939525842666626] [-0.45136472582817078:0.45136472582817078] [-0.4292483925819397:0.4023594856262207] [-5.1987872123718262:7.2942094802856445] [-2.608295202255249:3.9474730491638184] [-0.82781171798706055:0.89704334735870361] [-1:1] [-1.6220695972442627:1.8621906042098999] [-1.8332695960998535:1.9173072576522827]
tree_sizes=5247 5271 5287 5299 5298 5294

Tree=0
num_leaves=47
num_cat=0
split_feature=72 16 75 16 17 107 75 75 16 15 16 3 15 107 14 95 72 72 75 17 95 14 112 14 14 106 75 75 90 16 57 107 72 95 107 15 16 17 57 15 95 123 3 95 75 7
split_gain=5.22245e+06 677682 553417 177979 166152 78830.1 74120.4 69059.9 55688.5 36823.8 34060.7 33354.3 31695.4 28196.7 25264.2 21974.5 21417.9 20947.1 20594.1 15752.7 15645.4 15546.6 17341.3 14775.5 12647.5 11785.9 10484.3 10219.5 10104.3 9012.5 8331.63 7952.92 7738.77 7424.26 7060.3 7001.97 6955.07 6895.79 6413.32 6388.81 9857.77 6138.73 5990.61 5983.04 5937.78 5894.65
threshold=0.029902152717113498 0.22396993637084964 0.05663623288273812 0.37446653842926031 1.0000000180025095e-35 0.26871924102306372 0.027925742790102962 0.10546619072556497 0.37446653842926031 0.31061333417892462 0.22396993637084964 0.025830680504441265 0.22396993637084964 0.37788785994052893 0.37446653842926031 0.60768198966979992 0.024881502613425258 0.024881502613425258 0.10693246871232988 0.22396993637084964 0.30278146266937261 0.22396993637084964 0.50481668114662182 0.22396993637084964 0.65050083398818981 0.14664804935455325 0.065769813954830184 0.20992692559957507 0.012942873407155277 0.53458327054977428 0.50316895544528972 0.48988717794418341 0.024881502613425258 0.67967700958251964 0.45240984857082372 0.31061333417892462 1.0000000180025095e-35 0.22396993637084964 0.37446653842926031 1.0000000180025095e-35 0.34370592236518865 0.20454019308090213 1.0000000180025095e-35 0.72606933116912853 0.31381636857986456 0.50692743062973034
decision_type=2 2 2 2 2 2 2 2 2 2 2 2 2 2 2 2 2 2 2 2 2 2 2 2 2 2 2 2 2 2 2 2 2 2 2 2 2 2 2 2 2 2 2 2 2 2
left_child=2 4 6 5 21 11 -1 15 18 16 31 28 20 23 36 38 25 35 -3 44 -10 22 -2 37 39 -5 -17 -24 -4 -11 -22 -7 -21 -23 -12 -8 -15 43 -6 40 -20 -25 -30 -9 -13 -32
right_child=1 8 3 9 7 10 17 13 12 29 34 19 -14 14 -16 26 -18 -19 24 32 30 33 27 41 -26 -27 -28 -29 42 -31 45 -33 -34 -35 -36 -37 -38 -39 -40 -41 -42 -43 -44 -45 -46 -47
leaf_value=-2.0319463501359758 -2.4558802818265635 -2.2486224459337598 -2.095670745454294 -2.1844142644753322 -2.3718299838496217 -2.288020854968372 -2.0961277186550973 -2.4113529077694298 -2.3116085791891936 -2.1142460133423513 -2.2075569751184823 -2.2481763215507518 -2.1551369455588625 -2.4217925332994041 -2.3519831185768147 -2.1980567219357021 -2.2314232575856421 -2.1637096906733135 -2.3768365549577899 -2.1864126055123516 -2.2517168390785685 -2.411445546619662 -2.3570162389841673 -2.3509058959562523 -2.2087235847086779 -2.1254567825635302 -2.2856195753216051 -2.4268312923229867 -2.1953293911149152 -2.0656515062597718 -2.2181995845604772 -2.3494311547395661 -2.2532298904011285 -2.3263757350454051 -2.2555585726173599 -2.0670697203406627 -2.3913448279789229 -2.3594856675308575 -2.3021092096868041 -2.2863271695499616 -2.3119073616423238 -2.3014900284601723 -2.136566385237566 -2.3611217457395965 -2.3442051829109434 -2.1381832894892057
leaf_weight=45445.138523519039 41895.210703849792 9888.6280381679535 4292.7133095860481 5970.3862732648849 4134.1685953736305 6896.2386968135834 32072.139801859856 7672.4406332969666 3543.5391327738762 10842.402003705502 8004.4927108883858 3105.6720033288002 6469.3685318827629 24795.895856082439 11731.416694402695 2452.3163740038872 3931.3531007766724 4802.1715206503868 3878.1740126013756 14436.537285149097 9768.5227201581001 13708.557393729687 3057.4751706719398 6384.5321750044823 1439.305165708065 15506.088378310204 5534.805793762207 15934.707772731781 4027.3575856089592 9253.6954153776169 5721.004941701889 4197.8479902148247 2599.9326755404472 1379.3748906850815 7500.9685977697372 16928.984596312046 14616.062479913235 21782.705549836159 2680.2238270640373 6291.1846548914909 11198.9298427701 6071.1695687770844 5165.4259985089302 4684.6813858151436 1086.2375866770744 1486.9328498244286
leaf_count=86411 440493 72573 12921 33601 41897 48709 113087 73859 32169 42067 47237 17348 32669 271133 113398 14596 26037 25112 41081 72600 70840 145516 22659 60993 9049 64076 41714 123824 18726 25270 37450 39214 17879 8391 53567 47701 151410 185721 23814 51599 92025 43727 21833 33900 7116 6917
internal_value=-2.25475 -2.36288 -2.12451 -2.17983 -2.39543 -2.2188 -2.06499 -2.36843 -2.26011 -2.12736 -2.26423 -2.18403 -2.22286 -2.37911 -2.39706 -2.29798 -2.15559 -2.09294 -2.29089 -2.21156 -2.24429 -2.43542 -2.4433 -2.35941 -2.30926 -2.14177 -2.25857 -2.41557 -2.14083 -2.09176 -2.2303 -2.31119 -2.19654 -2.40362 -2.2307 -2.08604 -2.41049 -2.37134 -2.3443 -2.31609 -2.32857 -2.32676 -2.16213 -2.39228 -2.27288 -2.20145
internal_weight=454267 248201 206066 106817 188516 61313.4 99248.4 112540 59685.6 45503.9 26599.5 34713.9 26989.4 97738.9 51143.4 14801.5 25407.8 53803.3 32696.2 21228.4 20520 75975.3 60887.4 46595.5 22807.6 21476.5 7987.12 18992.2 13485.5 20096.1 16976.5 11094.1 17036.5 15087.9 15505.5 49001.1 39412 34139.8 6814.39 21368.3 15077.1 12455.7 9192.78 12357.1 4191.91 7207.94
internal_count=3063929 2243417 820512 548201 1797045 357150 272311 1056162 446372 191051 188727 168423 180045 934141 535941 122021 123714 185900 266327 114943 147376 740883 586976 398200 193754 97677 56310 146483 53480 67337 115207 87923 90479 153907 100804 160788 422543 293480 65711 184705 133106 104720 40559 107759 24464 44367
is_linear=0
shrinkage=1


Tree=1
num_leaves=47
num_cat=0
split_feature=74 75 17 17 75 17 20 15 3 95 14 5 95 123 57 3 74 74 14 75 15 17 14 75 95 32 15 95 17 14 14 13 73 113 74 106 106 22 78 5 17 74 98 3 116 66
split_gain=3.24996e+06 337596 253481 112736 53044.5 51925.2 39970.1 35868.4 28419.5 18967.7 16019.9 14491.3 13540.4 13390.3 13271.7 11158.7 10144.3 9004.67 8400.9 8248.88 8077.13 7709.69 7278.98 7275.82 7215.91 6788.6 6665.4 6622.68 6496.78 6057.59 5720.56 5611.57 5209.94 4765.79 4757.11 4682.64 4553.62 4331.64 4297.56 4011.69 3963 3784.49 3597.71 3479.5 3459.14 3649.08
threshold=0.025666352361440662 0.079728748649358763 0.37446653842926031 0.37446653842926031 0.037757802754640586 1.0000000180025095e-35 1.0000000180025095e-35 0.22396993637084964 0.16294848918914798 0.67594867944717418 0.42514967918396002 1.025986433029175 0.6368871033191682 0.16696532815694812 0.31061333417892462 0.024718832224607471 0.046990307047963149 0.047559624537825591 0.42514967918396002 0.31111671030521398 1.0000000180025095e-35 0.58756005764007579 0.37446653842926031 0.023474368266761306 0.67257702350616466 0.7184627652168275 0.22396993637084964 0.67257702350616466 0.50316895544528972 0.37446653842926031 0.22396993637084964 0.50316895544528972 0.27913299202919012 1.0000000180025095e-35 0.0020560888806357984 0.37018333375453955 0.12425328791141511 0.70568445324897777 0.3114724606275559 0.89855828881263744 0.22396993637084964 0.039260560646653182 0.60000011324882518 0.026843986473977569 1.0000000180025095e-35 -0.052750553935766213
decision_type=2 2 2 2 2 2 2 2 2 2 2 2 2 2 2 2 2 2 2 2 2 2 2 2 2 2 2 2 2 2 2 2 2 2 2 2 2 2 2 2 2 2 2 2 2 2
left_child=1 4 5 8 23 11 17 13 9 40 12 22 30 36 29 -6 -14 -4 19 34 33 26 24 -1 -2 -17 42 -13 -9 41 -7 -12 -29 44 35 -10 -5 -23 -11 -19 -3 -8 -16 -30 45 -15
right_child=2 3 6 7 15 10 14 28 18 38 31 27 16 20 21 25 -18 39 -20 -21 -22 37 -24 -25 -26 -27 -28 32 43 -31 -32 -33 -34 -35 -36 -37 -38 -39 -40 -41 -42 -43 -44 -45 -46 -47
leaf_value=0.28830400368223841 0.0074283329360721635 0.09491083250063638 0.11705659291691303 0.13068648861499005 0.25762274478059577 0.023257076639443909 0.1118192779131499 0.21492681889741527 0.08486584555885221 0.22858297949784701 0.083616852138551176 -0.020219527769248753 0.10673074774367307 0.025581917702363302 0.065862445887441196 0.22255268949386289 0.049388603492279332 0.075342326058858877 0.16376458951533518 0.078593479439756989 0.22176440919338969 0.17257860026265051 0.059323813146114242 0.26820017673020219 0.05060740665627287 0.2499974400878375 0.20216650284957735 0.043215912241896609 0.26246611173643397 0.1378518328748807 0.048620399480820038 0.19496698059879797 -0.0024680674842315815 0.19235837349358054 0.15096339689122509 0.14804178131806767 0.17499862954874007 0.12428599784696101 0.18420068653421884 0.043961606409103335 0.14692152942800926 0.081578194841124746 0.12210184995096837 0.23482668142393698 0.22565435066825404 0.15531466377723499
leaf_weight=49146.008224979043 23803.863907583058 2390.0133903846145 3926.1611521020532 3849.7465068548918 30477.159655854106 30378.475994110107 10165.844121463597 11656.753561638296 4506.749974809587 4229.5188367515802 8917.3215054273605 22634.91225104779 5728.1888868361712 519.23468532413244 1627.5118066594005 38087.99157910794 11157.400167062879 9643.8989041447639 3688.2269546985626 8019.843125551939 15994.561245396733 9449.1019250079989 5660.8477311059833 44001.168117240071 5915.4340356811881 16406.543083935976 1178.0748683214188 4090.67885722965 11030.584250234067 5592.4238924607635 17001.440982915461 589.81394093483686 12058.056696027517 16521.058664128184 4959.8390507549047 2139.9164938926697 12108.28290515393 3108.5967206731439 8215.82865575701 10425.377731844783 7845.7874451056123 10353.275741733611 10801.248042955995 13460.406910508871 310.42602591961622 544.23673232644796
leaf_count=61332 260705 18517 22901 27900 76981 316049 78619 46513 29910 12495 79265 245103 37551 578 15517 146142 85260 85907 21824 60046 59249 56090 54992 92456 42183 50323 5731 31521 26890 40043 166336 3399 91437 87401 30043 10277 65894 21795 33748 96317 48586 91381 82584 45164 450 524
internal_value=0.155696 0.229091 0.0541766 0.186649 0.260534 0.0274531 0.106003 0.210315 0.142381 0.170302 0.0482425 0.00677098 0.0419618 0.190993 0.123173 0.240465 0.0688726 0.0685763 0.115182 0.106005 0.203502 0.140824 0.0229675 0.278825 0.0160316 0.230842 0.122426 -0.00800527 0.236923 0.105457 0.0323634 0.0906444 0.00911547 0.18711 0.124895 0.105322 0.164362 0.16069 0.199387 0.0590594 0.134841 0.0965894 0.114773 0.247337 0.123427 0.0924804
internal_weight=534318 310110 224208 131991 178119 147936 76271.5 85995.3 45995.7 22681.1 73772.6 74163.8 64265.5 49847.5 52276.1 84971.7 16885.6 23995.4 23314.6 19626.3 33889.5 26164.5 35380.1 93147.2 29719.3 54494.5 13606.8 38783.6 36147.7 26111.5 47379.9 9507.14 16148.7 17895 11606.5 6646.67 15958 12557.7 12445.3 20069.3 10235.8 20519.1 12428.8 24491 1373.9 1063.47
internal_count=3063929 1053243 2010686 626009 427234 1413801 596885 360563 265446 113346 687860 725941 605196 241996 391760 273446 122811 205125 152100 130276 148202 181717 357880 153788 302888 196465 103832 368061 118567 210043 482385 82664 122958 88953 70230 40187 93794 77885 46243 182224 67103 170000 98101 72054 1552 1102
is_linear=0
shrinkage=0.035


Tree=2
num_leaves=47
num_cat=0
split_feature=72 17 15 107 16 17 72 17 107 3 107 5 14 106 16 72 72 19 95 17 44 14 95 16 95 14 4 17 112 16 107 107 3 7 107 106 13 72 16 5 7 17 95 106 56 106
split_gain=1.91987e+06 292551 118393 109818 70416.2 40691.8 24031.4 22553.8 20970.2 14908.1 14629.9 14580.5 12722 15436.8 12313.1 12027.5 11476.2 11433.6 10887.8 9805.83 9595.86 8912.16 8281.32 7869.44 9291.61 7813.75 7491.02 6730.73 6565.1 6021.54 5465 5317.48 4672.81 4470.36 4463.12 4194.78 3936.16 3723.07 3500.85 3497.26 3381.34 3368.94 3194.97 3174.38 3122.26 3042.89
threshold=0.039416901767253883 0.31061333417892462 0.22396993637084964 0.19897203892469409 0.31061333417892462 1.0000000180025095e-35 0.024881502613425258 0.50316895544528972 0.21425110846757892 0.048954186961054809 0.35421945154666906 1.0881147384643557 0.37446653842926031 0.27218192815780645 0.46720869839191442 0.024881502613425258 0.024881502613425258 1.0000000180025095e-35 0.71680808067321788 0.31061333417892462 0.77957999706268322 0.42514967918396002 0.32941216230392462 1.0000000180025095e-35 0.59491220116615307 0.37446653842926031 0.2834331095218659 0.31061333417892462 0.54492878913879406 1.0000000180025095e-35 0.41353644430637365 0.076740767806768431 0.15106442570686343 0.022479261271655563 0.17418967187404635 0.12687792629003528 0.37446653842926031 0.1839721500873566 1.0000000180025095e-35 0.85048431158065807 0.40283498167991644 0.50316895544528972 0.36184452474117285 0.2801340520381928 0.46720869839191442 0.19124402850866321
decision_type=2 2 2 2 2 2 2 2 2 2 2 2 2 2 2 2 2 2 2 2 2 2 2 2 2 2 2 2 2 2 2 2 2 2 2 2 2 2 2 2 2 2 2 2 2 2
left_child=2 5 3 6 10 11 9 16 40 31 20 18 13 38 45 33 19 22 25 30 23 29 -6 24 39 -2 -20 -11 -13 -12 -5 -1 42 -9 -15 -21 43 -30 -7 -3 -4 -24 -8 -14 -44 -10
right_child=1 4 8 7 17 12 32 15 14 27 21 28 36 34 -16 -17 -18 -19 26 35 -22 -23 41 -25 -26 -27 -28 -29 37 -31 -32 -33 -34 -35 -36 -37 -38 -39 -40 -41 -42 -43 44 -45 -46 -47
leaf_value=0.21248138993321261 0.0062270653482026346 0.076982188522037989 0.22084610866450091 0.12152074882958599 0.075749823837883701 0.019494464711307752 0.11275268183809514 0.20587426194406458 0.16507651790061179 0.1446645841136201 0.034514263457587256 -0.019909478017032904 0.065828913491183527 0.087483792463579443 0.20424369833106351 0.12684493757538595 0.081643580349022235 0.16569388162436174 0.037496139430063795 0.093776788353759147 0.16131014127826315 0.099431066134500437 0.10798167997327873 0.10866342878203233 0.098572134749544918 0.050629789724946 0.11129637418417884 0.1840808832898839 0.041913671722623891 0.069401672326031921 0.072981978355781796 0.19138412395558496 0.10282898586381119 0.16291108067078341 0.050314481209522498 0.14848009430508402 0.12431638923913231 -0.0020031880772592402 0.041799149730255836 0.035409649198987085 0.20094635257895113 0.1444983436110942 0.15136355533539192 0.16381722891898795 0.17971744169525899 0.19992268410155439
leaf_weight=41989.32531105727 30526.744617268443 4314.5760335400701 84920.254215508699 6718.6143224537373 3456.1900566443801 25103.872458525002 1648.7090584635735 3740.6996572092175 18595.600956387818 6961.5360631123185 10353.030159719288 21919.740420028567 9204.3049171194434 7643.0532078742981 36924.649972856045 12318.667769089341 9633.219719171524 15097.880956299603 6468.1258277446032 1975.9513572305441 2597.6680914461613 7109.5058858469129 4231.0723580271006 18595.713983379304 12014.88747087121 5767.6780740767717 2278.4008557647467 24554.266562983394 3727.9234745129943 14690.519733294845 4995.2753974050283 23837.592946656048 1919.0034407004714 16785.303351864219 8284.3606817871332 15602.789372213185 2001.0118489488959 6446.2040694355965 13143.419243909419 5866.3100623339415 12883.723677270114 12727.236575216055 10857.470006279647 421.1290326192975 9130.2937843129039 3883.6706990003586
leaf_count=68458 330722 34914 113055 30810 27306 253737 9875 10277 69502 27180 99844 224587 77468 49173 77218 69461 69437 65080 42384 13921 14296 52688 25821 121613 74954 54325 12004 70812 27672 121430 37064 58713 11258 62401 59852 64555 13145 47817 122497 54604 27455 66880 52008 1876 34892 8888
internal_value=0.132508 0.0592607 0.18568 0.167273 0.101874 0.026149 0.18764 0.132952 0.208232 0.195335 0.0827532 0.0088995 0.0463668 0.0392291 0.191739 0.15434 0.114884 0.142528 0.0217434 0.125796 0.0960206 0.0648345 0.125351 0.0918395 0.0777184 0.0132907 0.0567846 0.175404 -0.00912629 0.0549913 0.100871 0.20486 0.155798 0.170799 0.0681776 0.142366 0.0795875 0.0141028 0.0271649 0.0530636 0.218237 0.135429 0.160466 0.0702164 0.164366 0.171149
internal_weight=603867 253991 349877 192669 111055 142936 120898 71770.5 157208 97342.7 75542.2 77134.8 65801.2 54174.7 59403.9 32844.7 38925.9 35512.4 45040.9 29292.6 43389.2 32153.1 20414.5 40791.5 22195.8 36294.4 8746.53 31515.8 32093.9 25043.5 11713.9 65826.9 23555.5 20526 15927.4 17578.7 11626.4 10174.1 38247.3 10180.9 97804 16958.3 21636.5 9625.43 19987.8 22479.3
internal_count=3063929 2076689 987240 691122 759430 1317259 333196 357926 296118 225163 574343 739511 577748 485259 155608 142139 215787 185087 439435 146350 300381 273962 120007 286085 164472 385047 54388 97992 300076 221274 67874 127171 108033 72678 109025 78476 92489 75489 376234 89518 140510 92701 96775 79344 86900 78390
is_linear=0
shrinkage=0.035


Tree=3
num_leaves=47
num_cat=0
split_feature=74 75 17 16 16 73 107 14 74 3 17 74 16 75 4 13 74 95 13 5 95 106 15 107 17 5 16 14 13 13 74 95 1 74 107 74 15 44 74 54 13 32 112 123 73 4
split_gain=1.56754e+06 140648 134378 60206.8 32068.1 29374.2 21876 20868.6 13403 11588.6 10740.9 10508.5 9021.35 7826.06 7616.86 7104.87 6958.95 6925.75 6796.8 6466.11 6273.02 5415.99 5371.3 5042.9 4962.3 4936.84 4706.62 4444.9 4365.64 4338.92 4104.82 3923.22 3514.95 3509.43 3496.13 3495.09 3331.09 3024.56 2813.84 2732.91 2580.52 2539.66 2526.72 2461.16 2446.93 2431.54
threshold=0.029848496429622177 0.091374304145574584 0.22396993637084964 0.31061333417892462 1.0000000180025095e-35 0.027034342288970951 0.34604793787002569 0.31061333417892462 0.16280075162649157 0.050006855279207237 0.53458327054977428 0.025188324041664604 0.46720869839191442 0.04612186178565026 0.14931328594684604 0.42514967918396002 1.0000000180025095e-35 0.59215110540390026 0.31061333417892462 1.1112654209136965 0.47707448899745947 0.21771775931119922 1.0000000180025095e-35 0.54137706756591808 0.22396993637084964 0.79721793532371532 0.53458327054977428 0.22396993637084964 0.31061333417892462 0.53458327054977428 0.024751187302172187 0.58175754547119152 0.032326042652130134 0.047559624537825591 0.5878942906856538 0.025188324041664604 0.31061333417892462 0.78265234827995311 0.050408897921442992 0.37446653842926031 0.53458327054977428 0.7184627652168275 0.40741352736949926 0.38100837171077734 0.2474792301654816 0.39170669019222265
decision_type=2 2 2 2 2 2 2 2 2 2 2 2 2 2 2 2 2 2 2 2 2 2 2 2 2 2 2 2 2 2 2 2 2 2 2 2 2 2 2 2 2 2 2 2 2 2
left_child=1 5 7 6 20 -1 9 8 17 43 18 13 21 -7 16 24 44 -2 23 42 25 29 37 -6 -8 -4 32 33 31 36 -16 -9 41 -22 -26 -14 -5 39 -19 -12 -20 -15 -10 -3 -11 -40
right_child=2 3 4 12 10 11 15 28 19 14 22 -13 35 26 30 -17 -18 38 40 -21 27 -23 -24 -25 34 -27 -28 -29 -30 -31 -32 -33 -34 -35 -36 -37 -38 -39 45 -41 -42 -43 -44 -45 -46 -47
leaf_value=0.18448130006004912 0.0075263164156245304 0.13297813185393464 0.049609935665885993 0.12629061467614594 0.075381590180463434 0.17197043132021295 0.053056110477077575 0.034740546483092292 -0.0012976595114607954 0.081926957403183426 0.081731041995399198 0.12362950960265887 0.17063685814410792 0.15120700353316657 0.12630795789702132 0.15913182653658547 0.11929445552743106 0.063028263736006965 0.099487337354424055 -0.0203654113239327 0.083133403220307683 0.16630385812494597 0.13635068394862265 0.048374557638820433 0.097785443161086186 0.01454968058618185 0.17026502850254119 0.084257929299718884 0.087830032295402496 0.18244842858855098 0.076284446679149145 0.094620543755274178 0.13659677538984744 0.042996348706267735 0.068612928696265202 0.10724373339572726 0.1513886879826758 0.12728903810585793 0.024313119857867403 0.11287870123544527 0.16998013395830691 0.16807706278583323 0.022302692415913161 0.15935170406434834 0.039792825441549377 0.062363191458516862
leaf_weight=103597.13915456831 23183.998079076409 9929.0474068671465 8828.5612992271781 25011.494620464742 25568.720135033131 68481.167211949825 5971.3552237153053 13235.228968538344 19215.358121238649 4541.0236491262913 16921.300107695162 8915.6809358671308 26159.136898607016 41401.399207912385 23300.034274704754 1527.7731969803572 5222.2558035552502 3660.1624337658286 3670.3092649281025 20983.404296293855 3125.1354118287563 9395.0085350871086 4073.9680834934115 12742.146400906146 16540.361329957843 11121.782734982669 23063.404928833246 5440.9572042226791 2901.238968603313 2367.5972954928875 2236.864273481071 1488.9947961941361 15092.445459060371 18498.542703919113 7345.1554139181972 1151.2656009122729 9051.9023053944111 2773.787058159709 15609.576279014349 4406.9661181420088 786.11697924137115 15826.691744342446 7811.6312148720026 8285.2239370122552 2719.0621580630541 2368.7282561659813
leaf_count=107817 250677 32252 77843 103887 178878 120106 45028 124163 211232 20614 110467 40986 54150 116881 93119 5893 23695 23505 23618 199353 19083 21875 18757 107369 91750 112220 45662 37748 22010 4998 13279 8893 51533 147522 50130 5453 26470 13623 116858 23561 2818 37157 66293 18628 15279 20796
internal_value=0.115741 0.154568 0.0414322 0.128524 0.0674091 0.169714 0.108937 0.0136892 0.00705887 0.122012 0.0822666 0.160853 0.151979 0.162874 0.110967 0.0854908 0.088457 0.0208214 0.0711885 -0.00579066 0.0449821 0.142417 0.0990626 0.0664083 0.0816911 0.0300755 0.156332 0.0559609 0.0485964 0.13623 0.121946 0.0408326 0.151875 0.048819 0.0888343 0.167989 0.132986 0.0927271 0.0350597 0.0881973 0.112136 0.15589 0.00552668 0.145024 0.0661939 0.029346
internal_weight=665549 437132 228417 160755 117958 276378 87618.2 110458 92832.9 56233.5 70943.3 172781 73136.4 163865 38019.2 31384.6 12482.3 44822.5 42767.3 48010.4 47015 45826 28176 38310.9 29856.9 19950.3 95383.9 27064.6 17625.5 36431 25536.9 14724.2 72320.5 21623.7 23885.5 27310.4 34063.4 24102.1 21638.5 21328.3 4456.43 57228.1 27027 18214.3 7260.09 17978.3
internal_count=3063929 1146642 1917287 626500 873507 520142 409667 1043780 888714 216866 479091 412325 216833 371339 165986 192801 59588 411836 312683 476878 394416 157230 166408 286247 186908 190063 251233 204353 155066 135355 106398 133056 205571 166605 141880 59603 130357 147651 161159 134028 26436 154038 277525 50880 35893 137654
is_linear=0
shrinkage=0.035


Tree=4
num_leaves=47
num_cat=0
split_feature=74 17 75 16 16 73 14 107 74 3 74 74 17 19 16 17 112 13 75 106 13 106 5 5 74 106 14 74 14 5 106 32 13 75 107 32 32 123 112 75 48 32 44 4 96 36
split_gain=1.18473e+06 108495 104787 45302 24416.3 20894.4 18808.3 17075.4 12018.4 9628.19 8902.78 8414.03 7849.54 6639.91 6375.82 6040.08 5410.48 5347.91 5326.9 5120.18 5000.11 4752.9 4655.76 4554.48 4289.32 4134.13 4024.99 3917.2 5515.13 3848.6 3831.4 3688.34 3578.18 3525.92 3314.27 3065.02 2888.89 2802.11 2573.83 2549.06 2482.77 2427.3 2424.66 2406.4 2197.09 2183.32
threshold=0.030777915380895141 0.22396993637084964 0.086168799549341216 0.31061333417892462 1.0000000180025095e-35 0.025333665311336521 0.22396993637084964 0.41672430932521826 0.14783871173858645 0.050006855279207237 0.024008990265429023 0.025188324041664604 0.42514967918396002 1.0000000180025095e-35 0.42514967918396002 0.22396993637084964 0.51904186606407177 0.31061333417892462 0.047472711652517326 0.18351552635431292 0.31061333417892462 0.19900720566511157 1.1112654209136965 0.85349649190902721 0.025188324041664604 0.12045205384492876 0.37446653842926031 1.0000000180025095e-35 0.31061333417892462 1.072022616863251 0.25766232609748846 0.65365403890609752 0.31061333417892462 0.17175550013780597 0.33447623252868658 0.7184627652168275 0.74527040123939525 0.19584646075963977 0.44429682195186621 0.13249225914478305 1.0000000180025095e-35 0.46715016663074499 0.78265234827995311 0.14931328594684604 0.036261685192584998 1.0000000180025095e-35
decision_type=2 2 2 2 2 2 2 2 2 2 2 2 2 2 2 2 2 2 2 2 2 2 2 2 2 2 2 2 2 2 2 2 2 2 2 2 2 2 2 2 2 2 2 2 2 2
left_child=2 6 5 7 19 -1 8 9 16 37 18 14 32 25 21 33 -2 31 -7 23 30 41 38 -3 27 -14 42 28 -17 39 -8 -9 34 -11 44 40 43 -4 -10 -21 -20 -5 -27 -35 -6 -42
right_child=1 4 3 11 12 10 20 17 22 15 -12 -13 13 -15 -16 24 -18 -19 35 29 -22 -23 -24 -25 -26 26 -28 -29 -30 -31 -32 -33 -34 36 -36 -37 -38 -39 -40 -41 45 -43 -44 -45 -46 -47
leaf_value=0.15917477079895528 0.010078056891095755 0.043480477255759487 0.093132654273542573 0.10550085602414558 0.12349688103866382 0.14823919147445774 0.027335393124687551 0.059838271360890892 -0.003551000560858439 0.10565268785495466 0.1133905217132587 0.090821203754082591 0.047953565948201833 0.11416025482018272 0.14362424406048402 0.080184857805679091 0.039155385256762688 0.113058259006872 0.13886715449419795 0.080540290883474489 0.078976178654979592 0.142198555212591 -0.018865666534423415 0.010419037604001003 0.067397419002520859 0.072425912016462854 0.10759567364021767 0.12034491714869892 0.12372184043289114 0.032950242104410506 0.070183578953332437 0.098039545361203712 0.094271548242932227 0.040426041729412561 0.045223532194534781 0.1458529619597696 0.12851513080848789 0.12900643482042334 0.021976621104731132 0.052110920818226485 0.14176317762384055 0.12713682536750148 0.10842453826747937 0.076328354529855022 0.066128283349166067 0.11971659666507881
leaf_weight=107033.86527006328 23286.337455272675 11160.328032255173 3158.1988442465663 14110.13975533098 955.33218082040548 87217.744977921247 23384.871450722218 18511.122288219631 18287.641204476357 4008.1236423328519 14563.618798993528 5832.254602573812 5279.9627026766539 6907.8774484321475 44288.911553479731 9985.7720998227596 11816.866253077984 3473.7518926039338 31172.500957295299 5528.1547783315182 3107.5438742563128 12175.402900584042 22137.719380892813 9412.5096097141504 3449.2667307779193 25302.773143999279 5939.7325243204832 17021.708992682397 5607.6502868905663 9291.0334066227078 2868.6859193220735 3738.8863745108247 3035.5641105845571 3994.2522927001119 16436.183444969356 27815.70482403785 851.54664322733879 20482.499262951314 6572.1230232566595 13110.730898529291 7383.0766627565026 12135.610782176256 2547.621838517487 5434.1116646453738 5973.4887852370739 24916.149020388722
leaf_count=95742 230580 95978 13220 53486 646 135184 221478 118793 203051 16155 55835 29027 39255 31399 90467 40812 79700 15648 67977 34543 21982 26509 215262 94057 20108 155677 30258 63876 18419 72415 17200 20954 17288 21662 133044 54358 4315 50638 52683 96076 16896 38743 11900 25005 41753 73875
internal_value=0.102946 0.037886 0.133898 0.113419 0.0608516 0.146743 0.0129777 0.0972253 0.00437868 0.105771 0.139846 0.131648 0.0737299 0.0824728 0.13452 0.0970863 0.0198717 0.0726245 0.142 0.0416269 0.0370165 0.124004 -0.00719419 0.028362 0.104735 0.0768533 0.0813596 0.10867 0.0958836 0.0513892 0.0320326 0.0662827 0.058488 0.0777447 0.0538157 0.13603 0.0668073 0.124239 0.00320101 0.0605665 0.131712 0.115532 0.0757419 0.0611549 0.0741394 0.124782
internal_weight=720705 232343 488362 188259 120881 300103 111462 99716.9 82100.7 73993.1 193069 88542.3 72378.5 45978 82710.1 50352.4 35103.2 25723.8 178505 48502.8 29361.1 38421.2 46997.5 20572.8 36064.4 39070.1 33790.1 32615.1 15593.4 27929.9 26253.6 22250 26400.6 14288 23365 91287.4 10279.9 23640.7 24859.8 18638.9 63471.7 26245.8 27850.4 9428.36 6928.82 32299.2
internal_count=3063929 1896225 1167704 667837 854289 499867 1041936 429605 781276 274210 404125 238232 461220 268489 209205 210352 310280 155395 348290 393069 260660 118738 470996 190035 143215 237090 197835 123107 59231 203034 238678 139747 192731 67137 175443 213106 50982 63858 255734 130619 158748 92229 167577 46667 42399 90771
is_linear=0
shrinkage=0.035


Tree=5
num_leaves=47
num_cat=0
split_feature=74 73 16 16 74 73 107 5 74 14 74 74 107 3 5 16 4 13 15 123 16 74 95 4 74 14 107 25 57 22 109 95 16 73 13 95 12 95 15 74 72 74 73 72 95 26
split_gain=932854 83767.5 79226.7 32276.8 26480.3 22181 15118.8 12609.4 10979.7 8579.28 8295.99 7654.69 7562.37 6683.5 6597.5 6049.06 5095.54 4527.28 4011.23 4905.96 3903.7 3855.48 3803.09 3919.83 3781.39 3586.78 3306.75 3154.61 2963.66 2744.7 2741.74 2480.91 2478.66 2425.53 2308.26 2520.67 2297.66 2259.98 2146.8 2100.65 1893.18 1856.26 1825.22 1803.87 1788.46 1876.28
threshold=0.033269379287958152 0.082951016724109664 1.0000000180025095e-35 0.31061333417892462 0.14574170112609866 0.028686613775789741 0.33185410499572759 0.94641053676605236 0.025188324041664604 0.37446653842926031 0.025188324041664604 0.061225272715091712 0.40457908809185034 0.054538866505026824 1.0205979943275454 0.50316895544528972 0.14931328594684604 0.31061333417892462 0.31061333417892462 0.15750166773796084 0.22396993637084964 1.0000000180025095e-35 0.44775685667991644 0.35638883709907537 0.024751187302172187 0.50316895544528972 0.63454365730285656 0.22396993637084964 0.42514967918396002 1.0000000180025095e-35 0.55734688043594371 0.53979900479316723 0.22396993637084964 0.26404750347137457 0.56247621774673473 0.46666623651981359 0.37446653842926031 0.59741786122322094 0.31061333417892462 0.025188324041664604 0.50648668408393871 1.0000000180025095e-35 0.019798989407718185 0.15073449909687045 0.5102808177471162 0.37446653842926031
decision_type=2 2 2 2 2 2 2 2 2 2 2 2 2 2 2 2 2 2 2 2 2 2 2 2 2 2 2 2 2 2 2 2 2 2 2 2 2 2 2 2 2 2 2 2 2 2
left_child=1 5 4 6 11 42 13 25 15 12 18 33 28 -3 22 34 21 20 19 -7 41 43 27 -24 44 -6 36 -13 -4 -25 -12 -16 -14 -2 35 38 -11 -9 -5 -23 -39 -8 -1 -15 -18 -46
right_child=2 3 9 8 7 10 17 37 -10 26 30 14 32 16 31 -17 24 -19 -20 -21 -22 39 23 29 -26 -27 -28 -29 -30 -31 -32 -33 -34 -35 -36 -37 -38 40 -40 -41 -42 -43 -44 -45 45 -47
leaf_value=0.14239486893671616 0.056614026917374161 0.113166293717771 0.058265099108349913 0.099332544310275564 0.016599238649864987 0.10645282292019811 0.045088841930184351 -0.018968752028103147 0.077420364934844263 0.086574426131750523 0.098472414830086799 0.013275832750041554 0.029628839967990928 0.063095846804899713 -0.0028549119629784027 0.13312495928627932 0.080744125153899129 0.10187367376260052 0.13183568736267315 0.12325830011417027 0.079312987593733328 0.10129269959677639 0.035309553253214825 0.15000291295479501 0.06652605568960164 0.063318675904237953 0.056826507967165443 0.04015022783192141 0.080048212784561881 0.061922991302800358 0.012078451274499198 0.01980141481480201 0.053142558519258337 0.030314568349544612 0.14128106675335417 0.12170313078263215 0.14605450943491155 0.0054722694227242099 0.11684815079529166 0.053832061114997873 -0.021668786643641306 0.066379783080950799 0.13399653193369759 0.017340452593140373 0.10068460307920971 0.12533363967684247
leaf_weight=86732.026630312204 15698.658027596772 21326.561701983213 21250.378717713058 24064.604337267578 23123.24514259398 26965.175619773567 10622.043055132031 20874.390342161059 8676.6424363255501 14949.039126649499 14474.199251383543 13731.224543072283 12669.710824653506 6767.1976519972086 9490.3020095154643 25703.695758156478 4238.2968337535858 4681.4583574607968 47609.563315197825 108262.1836110726 14039.464560315013 5601.060678742826 15413.608056381345 471.6432251110673 4287.1086640954018 2200.5168648287654 4923.262270539999 8772.41866132617 12089.521884217858 5167.2622246593237 466.51052391529083 15725.896698318422 9741.603066124022 5949.9625300467014 3349.5906478315592 18487.367397196591 850.04181359708309 12093.562212184072 13856.722986012697 1465.191839762032 4249.5536011606455 9648.073565416038 54262.424562454224 1257.5979927256703 19038.06996665895 4892.73567456007
leaf_count=65390 106339 50544 130262 80796 221169 71080 66761 238542 41606 80522 58838 135437 109488 27943 100177 40887 19169 19126 66612 207935 68654 20062 113371 749 22938 16718 33830 76973 66132 41991 2274 122032 65615 48294 5199 42525 2469 99700 32174 8275 34745 58776 60058 7583 61578 12591
internal_value=0.0928149 0.117904 0.0336783 0.100057 0.0191345 0.128544 0.0869738 0.00162383 0.115041 0.0627648 0.120966 0.031245 0.0556042 0.0968404 0.0255272 0.118854 0.0895041 0.0695331 0.123021 0.119912 0.065103 0.0726268 0.0337751 0.0444698 0.0973363 0.0206733 0.0820077 0.0237604 0.0661772 0.0694432 0.0957814 0.0112755 0.0398615 0.0493966 0.112703 0.110991 0.0898294 -0.011339 0.105751 0.091507 -0.0015898 0.0552399 0.139169 0.0559447 0.10201 0.105755
internal_weight=770211 540776 229436 202003 152962 338772 107865 62541.3 94138.6 76473.6 197778 90421 55751.2 68873.8 68772.4 85462 47547.3 38991 182837 135227 34309.6 15091 43556.2 21052.5 32456.2 25323.8 20722.3 22503.6 33339.9 5638.91 14940.7 25216.2 22411.3 21648.6 59758.3 56408.7 15799.1 37217.5 37921.3 7066.25 16343.1 20270.1 140994 8024.8 28169.1 23930.8
internal_count=3063929 1219374 1844555 687187 1356237 532187 444000 610874 243187 488318 406739 745363 371497 230683 590730 201581 180139 213317 345627 279015 194191 63863 368521 156111 116276 237887 116821 212410 196394 42740 61112 222209 175103 154633 160694 155495 82991 372987 112970 28337 134445 125537 125448 35526 93338 74169
is_linear=0
shrinkage=0.035


end of trees

feature_importances:
Column_74=28
Column_16=23
Column_17=21
Column_95=21
Column_14=19
Column_107=18
Column_75=17
Column_13=12
Column_15=12
Column_106=12
Column_5=11
Column_72=11
Column_3=10
Column_73=8
Column_4=6
Column_32=6
Column_112=5
Column_123=5
Column_57=4
Column_7=3
Column_44=3
Column_19=2
Column_22=2
Column_1=1
Column_12=1
Column_20=1
Column_25=1
Column_26=1
Column_36=1
Column_48=1
Column_54=1
Column_56=1
Column_66=1
Column_78=1
Column_90=1
Column_96=1
Column_98=1
Column_109=1
Column_113=1
Column_116=1

parameters:
[boosting: gbdt]
[objective: binary]
[metric: binary_logloss]
[tree_learner: serial]
[device_type: cpu]
[data_sample_strategy: bagging]
[data: ]
[valid: ]
[num_iterations: 450]
[learning_rate: 0.035]
[num_leaves: 47]
[num_threads: 10]
[seed: 20260824]
[deterministic: 0]
[force_col_wise: 0]
[force_row_wise: 0]
[histogram_pool_size: -1]
[max_depth: -1]
[min_data_in_leaf: 100]
[min_sum_hessian_in_leaf: 0.001]
[bagging_fraction: 1]
[pos_bagging_fraction: 1]
[neg_bagging_fraction: 1]
[bagging_freq: 0]
[bagging_seed: 4565]
[bagging_by_query: 0]
[feature_fraction: 0.8]
[feature_fraction_bynode: 1]
[feature_fraction_seed: 12274]
[extra_trees: 0]
[extra_seed: 23975]
[early_stopping_round: 0]
[early_stopping_min_delta: 0]
[first_metric_only: 0]
[max_delta_step: 0]
[lambda_l1: 0.25]
[lambda_l2: 6]
[linear_lambda: 0]
[min_gain_to_split: 0]
[drop_rate: 0.1]
[max_drop: 50]
[skip_drop: 0.5]
[xgboost_dart_mode: 0]
[uniform_drop: 0]
[drop_seed: 11764]
[top_rate: 0.2]
[other_rate: 0.1]
[min_data_per_group: 100]
[max_cat_threshold: 32]
[cat_l2: 10]
[cat_smooth: 10]
[max_cat_to_onehot: 4]
[top_k: 20]
[monotone_constraints: ]
[monotone_constraints_method: basic]
[monotone_penalty: 0]
[feature_contri: ]
[forcedsplits_filename: ]
[refit_decay_rate: 0.9]
[cegb_tradeoff: 1]
[cegb_penalty_split: 0]
[cegb_penalty_feature_lazy: ]
[cegb_penalty_feature_coupled: ]
[path_smooth: 0]
[interaction_constraints: ]
[verbosity: -1]
[saved_feature_importance_type: 0]
[use_quantized_grad: 0]
[num_grad_quant_bins: 4]
[quant_train_renew_leaf: 0]
[stochastic_rounding: 1]
[linear_tree: 0]
[max_bin: 255]
[max_bin_by_feature: ]
[min_data_in_bin: 3]
[bin_construct_sample_cnt: 200000]
[data_random_seed: 4772]
[is_enable_sparse: 1]
[enable_bundle: 1]
[use_missing: 1]
[zero_as_missing: 0]
[feature_pre_filter: 1]
[pre_partition: 0]
[two_round: 0]
[header: 0]
[label_column: ]
[weight_column: ]
[group_column: ]
[ignore_column: ]
[categorical_feature: ]
[forcedbins_filename: ]
[precise_float_parser: 0]
[parser_config_file: ]
[objective_seed: 31899]
[num_class: 1]
[is_unbalance: 0]
[scale_pos_weight: 10.6378]
[sigmoid: 1]
[boost_from_average: 1]
[reg_sqrt: 0]
[alpha: 0.9]
[fair_c: 1]
[poisson_max_delta_step: 0.7]
[tweedie_variance_power: 1.5]
[lambdarank_truncation_level: 30]
[lambdarank_norm: 1]
[label_gain: ]
[lambdarank_position_bias_regularization: 0]
[eval_at: ]
[multi_error_top_k: 1]
[auc_mu_weights: ]
[num_machines: 1]
[local_listen_port: 12400]
[time_out: 120]
[machine_list_filename: ]
[machines: ]
[gpu_platform_id: -1]
[gpu_device_id: -1]
[gpu_device_id_list: ]
[gpu_use_dp: 0]
[num_gpu: 1]

end of parameters

pandas_categorical:null
