tree
version=v4
num_class=1
num_tree_per_iteration=1
label_index=0
max_feature_idx=191
objective=binary sigmoid:1
feature_names=Column_0 Column_1 Column_2 Column_3 Column_4 Column_5 Column_6 Column_7 Column_8 Column_9 Column_10 Column_11 Column_12 Column_13 Column_14 Column_15 Column_16 Column_17 Column_18 Column_19 Column_20 Column_21 Column_22 Column_23 Column_24 Column_25 Column_26 Column_27 Column_28 Column_29 Column_30 Column_31 Column_32 Column_33 Column_34 Column_35 Column_36 Column_37 Column_38 Column_39 Column_40 Column_41 Column_42 Column_43 Column_44 Column_45 Column_46 Column_47 Column_48 Column_49 Column_50 Column_51 Column_52 Column_53 Column_54 Column_55 Column_56 Column_57 Column_58 Column_59 Column_60 Column_61 Column_62 Column_63 Column_64 Column_65 Column_66 Column_67 Column_68 Column_69 Column_70 Column_71 Column_72 Column_73 Column_74 Column_75 Column_76 Column_77 Column_78 Column_79 Column_80 Column_81 Column_82 Column_83 Column_84 Column_85 Column_86 Column_87 Column_88 Column_89 Column_90 Column_91 Column_92 Column_93 Column_94 Column_95 Column_96 Column_97 Column_98 Column_99 Column_100 Column_101 Column_102 Column_103 Column_104 Column_105 Column_106 Column_107 Column_108 Column_109 Column_110 Column_111 Column_112 Column_113 Column_114 Column_115 Column_116 Column_117 Column_118 Column_119 Column_120 Column_121 Column_122 Column_123 Column_124 Column_125 Column_126 Column_127 Column_128 Column_129 Column_130 Column_131 Column_132 Column_133 Column_134 Column_135 Column_136 Column_137 Column_138 Column_139 Column_140 Column_141 Column_142 Column_143 Column_144 Column_145 Column_146 Column_147 Column_148 Column_149 Column_150 Column_151 Column_152 Column_153 Column_154 Column_155 Column_156 Column_157 Column_158 Column_159 Column_160 Column_161 Column_162 Column_163 Column_164 Column_165 Column_166 Column_167 Column_168 Column_169 Column_170 Column_171 Column_172 Column_173 Column_174 Column_175 Column_176 Column_177 Column_178 Column_179 Column_180 Column_181 Column_182 Column_183 Column_184 Column_185 Column_186 Column_187 Column_188 Column_189 Column_190 Column_191
feature_infos=none [-9.5541343688964844:12.745669364929199] [-7.5662751197814941:6.952181339263916] [0:12.82858943939209] [0.1155245304107666:1.1723979711532593] [0.1155245304107666:1.5506080389022827] [-0.38448148965835571:0.68055558204650879] [-0.65025806427001953:0.86527776718139648] [0:1] [0:1.3044185638427734] [0.13862943649291992:0.90217190980911255] [0:0.54930615425109863] [0:0.83305114507675171] [0:1.0548769235610962] [0:1.3506693840026855] [0:0.70830333232879639] [0:0.70830333232879639] [0:0.70830333232879639] [0:0.70830333232879639] [0:1.4632850885391235] [0:1.5834863185882568] [0:1.6891461610794067] [0:1.6898586750030518] [0:1.0357836484909058] [0:1.3195286989212036] [0:1.5403017997741699] [0:1.8361797332763672] [0:1.6896346807479858] [0:1.3911069631576538] [0:1.3091105222702026] [0:1.5439667701721191] [0:1.7978572845458984] [0:1.5660536289215088] [0:1.5130223035812378] [0:1.7450189590454102] [0:2.0435347557067871] [0:1.6423828601837158] [0:1.6366963386535645] [0:1.8862152099609375] [0:2.1893672943115234] [0:1.1190284490585327] [0:1.1989476680755615] [0:1.4086973667144775] [0:1.5850898027420044] [0:1.1793015003204346] [0:1.2130075693130493] [0:1.4630506038665771] [0:1.626446008682251] [0:1.2879225015640259] [0:1.7190661430358887] [0:1.8205183744430542] [0:1.8294690847396851] [0:1.3911069631576538] [0:2.2347836494445801] [0:1.7450189590454102] [0:2.8770260810852051] [0:2.0435347557067871] [0:3.3494265079498291] [0:1.8862152099609375] [0:3.1557281017303467] [-9.5541343688964844:12.745669364929199] [-7.5662751197814941:6.952181339263916] [-13.66785717010498:14.311351776123047] [-6.8405485153198242:7.9279866218566895] [-1.0000001192092896:1.0000001192092896] [-25.131523132324219:24.940521240234375] [-12.828535079956055:11.304247856140137] [-3.4173402786254883:3.769134521484375] [-1.3317948579788208:2.1851363182067871] [-1.0000001192092896:1.0000001192092896] [-8.2279834747314453:10.568971633911133] [-12.82837963104248:9.5541343688964844] [0:11.536117553710938] [0:11.560286521911621] [0:5.8992123603820801] [0:10.102203369140625] [-4.5166559219360352:5.5677647590637207] [-5.5588788986206055:3.184058666229248] [-1.9700490236282349:5.5677647590637207] [-2.4494898319244385:5.5677647590637207] [-2.7839765548706055:5.5677647590637207] [-3.6055514812469482:5.5677647590637207] [-4.829169750213623:5.5677647590637207] [-3.7416574954986572:5.5677647590637207] [-5.5677647590637207:5.5677647590637207] [-5.5677685737609863:5.5677647590637207] [-5.5677685737609863:5.5677647590637207] [-2.1416938304901123:5.5677647590637207] [-2.7869079113006592:5.5677647590637207] [-3.6055514812469482:5.5677647590637207] [-4.3830223083496094:5.5677647590637207] [-3.3654775619506836:5.5677647590637207] [-3.2938711643218994:5.5677647590637207] [-3.2500972747802734:5.5677647590637207] [-4.5308136940002441:5.5677647590637207] [-4.6209206581115723:5.5677647590637207] [-4.846076488494873:5.5677647590637207] [-4.6993160247802734:5.5677647590637207] [-5.5677647590637207:5.5677647590637207] [-5.5677647590637207:5.5677647590637207] [0:1] [0:1] [0:1] [0:1] [0:1] [0:1] [0:1] [0:1] [0:1] [0:1] [0:1] [0:1] [0:1] [0:1] [0:1] [0:1] [0:1] [0:1] [0:1] [0:1] [0:1] [0:1] [0:1] [0:1] none none [0.1155245304107666:0.75180989503860474] [0:1.6026453971862793] [0:1.5000805854797363] [0.40000000596046448:1] [0:0.93826955556869507] [0:0.37446653842926025] [0:0.51589179039001465] [0:0.51789182424545288] [0:0.4939054548740387] [-13.66785717010498:14.311351776123047] [-6.8405485153198242:7.9279866218566895] [0.1155245304107666:1.4838106632232666] [0:1] [-1:1] [-1:1] [-10.51795482635498:11.709933280944824] [-4.1629676818847656:3.5190656185150146] [0.1155245304107666:1.4481215476989746] [0:0.89515024423599243] [0:0.87782186269760132] [0.40000000596046448:1] [0:0.43132838606834412] [0:0.20687729120254517] [0:0.29770714044570923] [0:0.33574318885803223] [0:0.33850625157356262] [-0.89354348182678223:1.7869356870651245] [-0.35489180684089661:0.50392770767211914] [0.1155245304107666:0.9237024188041687] [0:0.9375] [-0.43460264801979065:0.57871884107589722] [-0.41887304186820984:1] [-7.7621240615844727:9.3918819427490234] [-3.8528227806091309:3.4875655174255371] [0.1155245304107666:1.2726359367370605] [0:1.1009762287139893] [0:1.0479933023452759] [0.40000000596046448:1] [0:0.61478424072265625] [0:0.22396993637084961] [0:0.47583281993865967] [0:0.45136472582817078] [0:0.4292483925819397] [-3.4173402786254883:3.769134521484375] [-1.3317948579788208:2.1851363182067871] [0.1155245304107666:1.1700452566146851] [0:1] [-0.99058210849761963:0.967537522315979] [-0.99404531717300415:1] [-7.0244364738464355:7.0379838943481445] [-2.8705458641052246:3.1927292346954346] [-1.0932767391204834:0.8570173978805542] [-0.67706358432769775:0.69434994459152222] [-0.68617415428161621:0.68617415428161621] [-0.60000002384185791:1] [-0.29297670722007751:0.31883633136749268] [-0.20598980784416199:0.20598980784416199] [-0.3298821747303009:0.2939525842666626] [-0.45136472582817078:0.45136472582817078] [-0.4292483925819397:0.4023594856262207] [-5.1987872123718262:7.2942094802856445] [-2.608295202255249:3.9474730491638184] [-0.82781171798706055:0.89704334735870361] [-1:1] [-1.6220695972442627:1.8621906042098999] [-1.8332695960998535:1.9173072576522827]
tree_sizes=5220 5272 5295 5288 5332 5304

Tree=0
num_leaves=47
num_cat=0
split_feature=74 75 17 17 75 17 72 74 3 72 155 17 83 76 82 100 97 75 74 74 83 75 96 84 3 84 82 157 155 14 146 160 82 73 97 76 75 82 82 72 17 171 75 96 177 86
split_gain=5.48762e+06 808593 345687 204179 155609 64000.5 56359.8 51102.7 46053.7 36658.6 32005.9 30259.4 28011.8 26974 19121.7 18331.2 17457 16206.5 15027.2 13031.6 12974.7 12931.6 12493.2 11839.2 11318.5 10256 9243.22 9121.5 8496.52 8379.2 8223.91 7739.6 7522.2 7442.56 6899.45 6758.65 6453.45 6075.84 6063.87 5860 5856.3 5715.29 5529.63 5203.34 5826.82 5122.19
threshold=0.025188324041664604 0.079728748649358763 0.37446653842926031 0.37446653842926031 0.033260961994528777 1.0000000180025095e-35 0.024881502613425258 0.040573649108409889 0.15700359642505649 0.024881502613425258 0.27921703457832342 0.53458327054977428 -0.14997968077659604 1.0165358781814577 0.2864107638597489 0.87298387289047252 0.16939037293195727 0.086168799549341216 1.0000000180025095e-35 0.045758381485939033 0.57532286643981945 0.023474368266761306 -0.087801720947027193 0.37690864503383642 0.045626448467373855 0.49251930415630346 0.72375711798667919 0.25393007695674902 0.16895397007465365 0.22396993637084964 0.85000011324882518 0.5164487659931184 1.4341645836830141 0.23422140628099444 0.1518572270870209 0.49545456469058996 0.047472711652517326 0.72375711798667919 1.9763432145118716 0.072811566293239607 0.46720869839191442 0.38100837171077734 0.047472711652517326 0.35054060816764837 -0.27191793918609614 0.25322072207927709
decision_type=2 2 2 2 2 2 2 2 2 2 2 2 2 2 2 2 2 2 2 2 2 2 2 2 2 2 2 2 2 2 2 2 2 2 2 2 2 2 2 2 2 2 2 2 2 2
left_child=1 4 5 8 21 14 11 17 10 20 24 25 16 19 31 18 26 34 39 28 42 -1 -8 -13 41 -5 -9 -25 -7 -21 -27 -2 -15 -33 -4 -16 -22 -19 -17 -10 -24 -3 -6 44 -12 -18
right_child=2 3 7 6 9 13 22 12 15 -11 43 23 -14 32 35 38 45 37 -20 29 36 -23 40 27 -26 30 -28 -29 -30 -31 -32 33 -34 -35 -36 -37 -38 -39 -40 -41 -42 -43 -44 -45 -46 -47
leaf_value=-2.0258789920160059 -2.454938079608596 -2.2136327329945287 -2.2767404619819493 -2.2252675947978067 -2.1066551390337729 -2.3126960248666522 -2.2621645277238289 -2.378622336359959 -2.3312834211170981 -2.1652227062828824 -2.1922861918018617 -2.1914446959708185 -2.2517905316500952 -2.360888406924432 -2.4227939564249521 -2.2818459470588555 -2.2856499098047061 -2.3189033281415248 -2.2877946205238056 -2.4184788006054316 -2.075450786586265 -2.0609335450226993 -2.2421849879797775 -2.1309920942993985 -2.2394686998213764 -2.1898150189505423 -2.3255852917460724 -2.0765108266887573 -2.3837931932700154 -2.3880079804897933 -2.1436497248814419 -2.3752086096227396 -2.2968537196186682 -2.4379273292182293 -2.2221075198905171 -2.375768428005451 -2.1047805664618395 -2.2687295840901154 -2.1992930382285776 -2.3862864176453096 -2.188630603347971 -2.1431168229106619 -2.1465782166440053 -2.2420375443100404 -2.3218367751839093 -2.3360505262831479
leaf_weight=35213.210354924202 43485.925187349319 2314.1279091238976 6516.0368490219116 5386.0815001726151 8407.7070776224136 2761.716422021389 7210.2605445981026 22091.255490124226 5323.35185110569 15074.147632837296 467.82880240678787 3097.8516565561295 3597.7293039560318 6273.1972958445549 9328.5087795257568 2858.9711260795593 4223.9160076379776 12188.750526607037 6791.226250231266 32271.739679276943 17098.89827901125 22420.956558465958 3685.7211094498634 15144.447358369827 4770.6709891557693 11575.038263261318 4935.3204301595688 5401.3180878162384 8156.5794835090637 16830.848951280117 8616.9684653878212 2887.9083973765373 3536.2256155610085 11652.866324365139 5241.12108284235 6259.2037099599838 24449.329306960106 3979.0644659399986 1844.6410367488861 4324.7519400715828 9075.0338253378868 4253.1134161949158 10296.551660239697 1891.6171463727951 4882.9229987859726 6172.4596596956253
leaf_count=61332 462800 11839 53177 35077 32016 21245 49602 218772 39044 79559 1996 18393 27033 59007 91767 19094 35341 106142 50244 330064 51520 59511 24712 64745 26617 58580 43093 15432 78580 173944 37974 21764 27350 92316 34735 57456 90807 29290 8605 36799 51987 15324 49041 12751 40793 56659
internal_value=-2.25475 -2.14076 -2.38457 -2.21149 -2.08283 -2.41553 -2.17517 -2.32017 -2.27479 -2.11604 -2.23455 -2.15501 -2.34506 -2.39153 -2.4383 -2.31019 -2.35405 -2.28363 -2.32771 -2.40033 -2.10376 -2.03947 -2.22493 -2.12631 -2.19779 -2.18161 -2.36891 -2.11657 -2.36575 -2.40803 -2.17003 -2.44755 -2.33773 -2.42545 -2.25228 -2.40389 -2.09266 -2.30649 -2.2492 -2.35589 -2.204 -2.16773 -2.12853 -2.29227 -2.31024 -2.31549
internal_weight=454267 241877 212390 108916 132961 143445 69192.7 68945.7 39723.2 75326.6 18580.3 49221.7 41020.7 69830.3 73614.4 21142.9 37423 27925 16439.3 60020.9 60252.5 57634.2 19971 23643.6 11337.9 25578.1 27026.6 20545.8 10918.3 49102.6 20192 58026.7 9809.42 14540.8 11757.2 15587.7 41548.2 16167.8 4703.61 9648.1 12760.8 6567.24 18704.3 7242.37 5350.75 10396.4
internal_count=3063929 1043394 2020535 619608 423786 1416293 356502 604242 263106 302943 109320 230201 380898 690190 726103 153786 353865 223344 126087 603833 223384 120843 126301 98570 53780 131631 261865 80177 99825 504008 96554 576880 86357 114080 87912 149223 142327 135432 27699 75843 76699 27163 81057 55540 42789 92000
is_linear=0
shrinkage=1


Tree=1
num_leaves=47
num_cat=0
split_feature=74 75 16 16 73 74 17 155 90 3 15 15 75 17 97 90 16 76 154 74 76 143 3 86 144 97 100 90 90 74 102 19 90 15 74 13 16 154 97 16 155 16 15 143 90 96
split_gain=3.14907e+06 353602 255523 141995 73537 46790.8 43701.2 41102.4 30343.3 27600.2 25066.6 21494.9 19805.2 14340.3 13720.2 13624.8 12285.4 11881.6 9820.26 8726.53 8705.56 8220.37 7805.78 7652.24 7147.44 7008.4 6758.93 6636.52 6362.02 8940.18 6018.14 5826.33 5607.82 5536.8 5533.78 5460.74 5122.11 6183.38 4917.3 4860.41 4454.57 4350.76 4128.66 4486.39 4060.57 4027.08
threshold=0.026936125010252002 0.091374304145574584 1.0000000180025095e-35 0.31061333417892462 0.028686613775789741 0.081869672983884825 0.46720869839191442 0.34604793787002569 0.075005099177360549 0.04676491208374501 0.31061333417892462 0.31061333417892462 0.052712371572852142 0.22396993637084964 0.1518572270870209 1.0589913725852969 0.22396993637084964 0.68386220932006847 0.12425328791141511 0.18526805192232135 0.62353116273880016 0.65243116021156322 0.025830680504441265 0.2581928968429566 0.036261685192584998 0.13366805016994479 0.67799538373947155 2.2231788635253911 1.9040728807449343 1.0000000180025095e-35 1.0000000180025095e-35 0.20707555115222934 1.9040728807449343 1.0000000180025095e-35 0.039842473343014724 0.50316895544528972 0.42514967918396002 0.20194559544324878 -0.45544634759426111 0.22396993637084964 0.32918824255466467 0.53458327054977428 1.0000000180025095e-35 0.30502589046955114 1.7330860495567324 -1.0000000180025095e-35
decision_type=2 2 2 2 2 2 2 2 2 2 2 2 2 2 2 2 2 2 2 2 2 2 2 2 2 2 2 2 2 2 2 2 2 2 2 2 2 2 2 2 2 2 2 2 2 2
left_child=1 4 5 7 -1 17 15 9 19 30 18 12 -6 26 39 21 32 25 -5 -7 -10 33 -14 -16 -19 34 45 36 29 -15 -3 -25 -9 -4 -2 -17 37 -20 -24 -8 -27 -12 43 -41 -18 -11
right_child=2 3 6 10 11 8 14 16 20 13 41 -13 22 28 23 35 44 24 27 -21 -22 -23 38 31 -26 40 -28 -29 -30 -31 -32 -33 -34 -35 -36 -37 -38 -39 -40 42 -42 -43 -44 -45 -46 -47
leaf_value=0.28167965554773472 0.092605293075369369 0.1758159205647977 0.056283963016390999 0.15764529109742004 0.24636034137434318 0.012512442136701699 0.087203545015118386 0.083196091094892538 0.028484497471580963 0.063959886872889074 0.24306809286789385 0.26389012494760239 0.23699101607326103 0.12657727343522163 0.18307313601445888 0.11469632552525084 0.13073568849437261 0.19761862072461522 0.173663946366856 -0.012116502473709602 0.067838407422387892 0.11726723239090631 0.17778462636982173 0.12144544525624032 0.084866616925973873 0.099733071729447509 0.14939126197168554 0.25454743956931336 0.21548786486313651 0.17804515822974487 0.22647509588446013 0.22248634112415341 0.16172258743715714 0.099086076670358486 0.034390030919320365 0.22383222212041162 0.22462787386539418 0.22095741851679881 0.21115035419924322 0.07318945639360816 0.045409874177376797 0.2807339561265455 0.16867892532190473 0.12645018871361979 0.19615269947776787 0.1220155919850915
leaf_weight=77970.91572330147 2181.7762221843004 4547.3709588348866 23548.933272466063 4851.4585067480803 42522.789076305926 35306.539614997804 5803.9007918089628 13561.167097732425 20163.109768420458 3330.0583856776357 12967.387569829822 29284.021577134728 12398.774854928255 7067.5504717230797 7640.3820577561855 5865.9485825300217 9192.4329336732626 763.4584596157074 9183.6173378452659 35174.663130193949 10466.173953808844 3911.4714385867119 7177.3282454237342 6505.2819638848305 6988.6064518764615 4512.5821677222848 3869.1865964159369 3985.4573223665357 2694.8344622328877 10280.275560252368 8586.2033955529332 790.44456876814365 1217.2940035462379 4405.8417926803231 23736.153805799782 624.9501374438405 10134.808771468699 5612.1546766608953 26207.760903969407 2360.941999271512 3160.4416042864323 5849.3355345204473 2283.6096795201302 11646.186083123088 1360.9794209674001 2649.1263842061162
leaf_count=118933 14946 18359 225271 29385 122190 362616 49947 107089 200562 20743 44055 70192 39559 38850 45305 45547 61755 627 49290 352228 91467 25236 36806 46819 61088 37452 18675 10203 8922 52861 29052 3815 6499 38812 216439 3043 37939 20220 107693 22151 31378 12171 14732 90285 6303 16419
internal_value=0.155686 0.226175 0.0532676 0.179113 0.255274 0.0256899 0.105372 0.145824 0.0128615 0.166662 0.222365 0.237751 0.229066 0.14801 0.1325 0.0791661 0.1104 0.0570568 0.204213 0.000220902 0.0419429 0.069726 0.212972 0.158467 0.0961163 0.0480269 0.113277 0.211992 0.165038 0.157129 0.209024 0.132568 0.0897279 0.06305 0.0393112 0.125402 0.205129 0.191686 0.204011 0.114908 0.077412 0.254863 0.124742 0.117509 0.139279 0.0897799
internal_weight=534344 316502 217841 120941 195562 142454 75387.9 68356.5 101110 43024.6 52584.2 117591 88306.7 29891 37030.7 38357.1 25331.9 41343 33767.5 70481.2 30629.3 31866.2 45783.9 14936.1 7752.06 33591 9848.37 28916 20042.7 17347.8 13133.6 7295.73 14778.5 27954.8 25917.9 6490.9 24930.6 14795.8 33385.1 22094.6 7673.02 18816.7 16290.7 14007.1 10553.4 5979.18
internal_count=3063929 1084163 1979766 588790 495373 1368803 610963 385527 1006873 203881 203263 376440 306248 156470 273054 337909 181646 361930 147037 714844 292029 289319 184058 95939 61715 300215 55837 117652 100633 91711 47411 50634 113588 264083 231385 48590 107449 69510 144499 177115 68830 56226 127168 112436 68058 37162
is_linear=0
shrinkage=0.035


Tree=2
num_leaves=47
num_cat=0
split_feature=74 75 17 17 20 72 75 83 90 75 17 74 90 72 74 76 155 76 3 76 17 102 74 74 18 3 76 19 13 143 97 96 5 86 97 19 90 19 160 74 97 97 143 97 13 3
split_gain=2.08872e+06 215153 172109 70649.5 37971.9 32571 30958 28923.5 27327 19243.1 13342.9 12520.8 11510.8 11467 9845.9 9083.14 8287.55 8091.4 7541.81 7481.58 7060.79 7015.71 6932.71 6637.07 5576.98 5497.94 5466.51 5355.89 5342.74 5221.86 5284.81 4998.1 4926.49 4647.17 4409.94 4347.43 4202.84 4129.95 4016.05 4007.87 3972.88 3617.1 3460.83 3450.43 3289.77 3014.26
threshold=0.029848496429622177 0.072141163051128401 0.22396993637084964 0.42514967918396002 0.14931328594684604 0.024881502613425258 0.037757802754640586 0.52952054142951976 0.20026118308305743 0.19854865968227389 0.53458327054977428 0.14783871173858645 0.47096498310565954 0.024881502613425258 0.049841184169054038 0.81399810314178478 0.21683655679225924 1.0165358781814577 0.026843986473977569 0.96162375807762157 0.22396993637084964 1.0000000180025095e-35 1.0000000180025095e-35 0.024751187302172187 0.58756005764007579 0.024718832224607471 1.0737807154655459 1.0000000180025095e-35 0.53458327054977428 0.6368871033191682 -0.052492048591375344 0.018505034036934379 1.1112654209136965 0.36542223393917089 0.52966785430908214 0.3114724606275559 1.0218774676322939 1.0000000180025095e-35 0.17194224148988727 0.025188324041664604 -0.017245425842702385 -0.81919544935226429 0.65243116021156322 -0.017245425842702385 0.53458327054977428 0.15700359642505649
decision_type=2 2 2 2 2 2 2 2 2 2 2 2 2 2 2 2 2 2 2 2 2 2 2 2 2 2 2 2 2 2 2 2 2 2 2 2 2 2 2 2 2 2 2 2 2 2
left_child=1 6 8 5 12 9 25 23 11 24 17 29 14 43 42 -10 -11 37 21 22 -18 -9 45 40 -3 -1 -14 33 35 -2 -31 -16 -13 41 -22 -20 -17 38 -6 -24 -5 -12 -4 -8 -19 -7
right_child=2 3 4 7 10 19 13 18 15 16 27 32 26 -15 31 36 20 44 28 -21 34 -23 39 -25 -26 -27 -28 -29 -30 30 -32 -33 -34 -35 -36 -37 -38 -39 -40 -41 -42 -43 -44 -45 -46 -47
leaf_value=0.22292912336988729 0.0087156621235454021 0.18197288407416157 0.062605075043787997 0.13652513049202306 0.041960838825446607 0.093698791945518736 0.18523026661960998 0.15847211852787013 0.029638475968361413 0.15494127093001442 0.083979644232514195 0.0032156740607755083 0.069309896001433099 0.16835849463158065 0.031551907089699273 0.044442316912283689 0.073152505185103953 0.11413133146101391 0.15872650617465023 0.12927090239885775 0.10999957399008337 0.20535013420677514 0.11565252322099155 0.11611244590301539 0.14337972584512168 0.2061446009025682 0.11398938037191295 0.16039738280931309 0.21531426638256601 0.019383098651415107 0.064525161706375511 0.062097116376028542 -0.019712980212629055 0.089657359713518819 0.15792094070219861 0.18379602715860288 0.090920451236837563 0.10690703178305369 0.077757029162260544 0.071348344429517915 0.16356088101999966 0.13515842079216925 0.10761196799900997 0.20249237795737271 0.20564082089657634 0.048504037598912503
leaf_weight=78672.281076878309 19461.170444756746 13994.869341343641 5071.8546254187822 10896.155162133276 5286.994990028441 2586.3623668253422 21400.594581156969 4774.2589871436357 20273.454875320196 6955.0588791891932 2108.7466222420335 23385.239093586802 10910.283380664885 22320.381327860057 24939.873716302216 4234.848544344306 4774.0705612078309 4169.3179419785738 19362.182471297681 6448.6811503991485 8297.8472805321217 25244.684674486518 8788.1618401408195 7364.4674079567194 7077.9571407660842 36484.509573362768 4881.5843773260713 3369.2785897776484 3622.1013699546456 8080.9809939712286 5238.2832343876362 8918.7229558229446 22537.638569101691 7081.4473274350166 3356.6115939319134 15969.964678518474 5511.2763563841581 4083.4881087765098 14279.129828721285 3554.8153540343046 18463.649666003883 9466.6923671364784 3613.6519080251455 49894.951599724591 552.62686214596033 6097.981079518795
leaf_count=90407 208423 42226 39718 49938 51179 13963 57672 17225 191240 24317 16970 252691 88990 85893 235072 36092 31844 29313 74926 30874 48209 58190 49733 44594 33272 66484 32465 16910 6994 62995 38954 80665 213808 53165 15007 49871 39577 29617 117195 27530 72408 58333 22002 110830 1913 44235
internal_value=0.132508 0.181339 0.0457348 0.153012 0.0768696 0.126229 0.205436 0.171231 0.0145943 0.144756 0.0991252 0.00375613 0.0576341 0.190432 0.0481487 0.0430025 0.12282 0.0832175 0.184614 0.0962278 0.109169 0.197928 0.0860597 0.146069 0.169055 0.217622 0.0831598 0.119587 0.174325 0.0202775 0.0371586 0.0396077 -0.00803797 0.112167 0.123876 0.170087 0.0707656 0.0748271 0.0681008 0.102934 0.153557 0.125884 0.0813928 0.197327 0.12509 0.0620203
internal_weight=603859 386403 217457 177630 108734 71932.4 208773 105697 108723 44456.4 50397.7 78703.3 58336 93615.9 42544.1 30019.6 23383.6 28371.6 68973.2 27476 16428.5 30018.9 21027.3 36724.3 21072.8 115157 15791.9 22026.2 38954.2 32780.4 13319.3 33858.6 45922.9 18656.9 11654.5 35332.1 9746.12 23649.6 19566.1 12343 29359.8 11575.4 8685.51 71295.5 4721.94 8684.34
internal_count=3063929 1146642 1917287 735356 873507 361210 411286 374146 1043780 194875 374595 776871 498912 254395 377457 266909 119377 229217 207206 166335 95060 75415 135461 166940 75498 156891 121455 145378 131791 310372 101949 315737 466499 128468 63216 124797 75669 197991 168374 77263 122346 75303 61720 168502 31226 58198
is_linear=0
shrinkage=0.035


Tree=3
num_leaves=47
num_cat=0
split_feature=74 73 20 15 74 73 155 72 90 76 155 74 72 90 94 72 90 14 21 74 90 90 101 15 154 15 171 76 22 73 94 19 13 32 86 74 3 5 90 44 84 73 18 74 25 26
split_gain=1.49829e+06 145946 122862 60673.8 39500.2 30304.2 25288.6 17051 15928.1 15162.7 13746.8 11937 10801.6 9835.12 9608.55 9498.36 11527.8 8016.25 7427.12 7005.31 6226.71 6008.4 5583.08 5128.76 7056.44 4681.89 6405.72 4386.48 4211.44 4186.01 4183.13 3973.12 3312.93 3292.21 3201.24 3172.46 3145.56 3029.6 3004.3 2962.33 2805.81 2728 2629.32 2567.55 2551.43 2547.35
threshold=0.030777915380895141 0.075295768678188338 1.0000000180025095e-35 0.22396993637084964 0.14574170112609866 0.025333665311336521 0.41353644430637365 0.024881502613425258 -0.14620104432106015 1.0165358781814577 0.47602406144142156 0.049841184169054038 0.02543983701616526 1.8393427133560183 0.024602978490293029 1.0000000180025095e-35 1.4005997180938723 0.37446653842926031 0.14931328594684604 1.0000000180025095e-35 0.050721867009997375 0.95167091488838207 0.54692083597183239 0.42514967918396002 0.13963919132947925 0.31061333417892462 0.15750166773796084 0.58406963944435131 1.0000000180025095e-35 0.14783216267824176 -0.044678531587123864 1.0000000180025095e-35 0.50316895544528972 0.60404199361801159 0.25819893181324011 0.025188324041664604 0.057981379330158241 1.1112654209136965 0.66910037398338329 0.78265234827995311 1.6474577784538271 0.13766502588987353 0.53458327054977428 0.014910500496625902 0.31061333417892462 0.37446653842926031
decision_type=2 2 2 2 2 2 2 2 2 2 2 2 2 2 2 2 2 2 2 2 2 2 2 2 2 2 2 2 2 2 2 2 2 2 2 2 2 2 2 2 2 2 2 2 2 2
left_child=1 5 4 6 9 -1 7 15 37 11 14 41 25 19 21 16 -3 42 36 38 29 31 28 24 33 26 -7 -10 -11 -13 -20 39 -19 -5 -14 -21 -9 -6 -8 -4 -16 -2 -12 -17 -15 -18
right_child=2 3 10 23 8 12 13 18 27 22 17 20 34 44 40 43 45 32 30 35 -22 -23 -24 -25 -26 -27 -28 -29 -30 -31 -32 -33 -34 -35 -36 -37 -38 -39 -40 -41 -42 -43 -44 -45 -46 -47
leaf_value=0.18489924286536302 0.097139847681759539 0.10129479203701038 0.066432778260002226 0.1290050205586861 0.00035955505352710517 0.13964355057084776 0.048761244621855826 0.14383211917461561 0.015809486025798326 0.14723148086443408 0.028039828518135686 0.03906369686528862 0.14695885717511706 0.090991337098596595 0.11910292064224862 0.16036656280735173 0.13023065572167039 0.079573813988723596 0.10135534194756569 0.10602689130623925 0.043225147295656269 0.1163871432356328 0.041175778163999109 0.18209307881340411 0.17250997139082333 0.17479068714132451 0.16429297980673307 0.049341034845070998 0.079508670013737417 0.014826424094658983 0.12649476917708213 0.11541596369726301 0.15962535700449934 0.15602828221119308 0.11842847763853409 0.070698836927710632 0.074468765879701859 -0.018763642630702782 0.083413018660554242 0.12615520217553994 0.047218529593361543 0.055848377572248378 0.056804324900508678 0.13867000297952561 0.1579366848329897 0.16749102107123143
leaf_weight=99711.656429007649 3380.9970441311598 13705.479508154094 22016.66650852561 11560.553398892283 18471.55318402499 15805.348234452307 7279.1126773059368 889.95405927300453 14221.91833370924 1338.1901695802808 6902.9873060435057 11649.01718339324 21499.694762192667 947.36586192250252 13534.246265783906 18102.324547953904 4124.6914175674319 8180.8572752103209 13559.608689837158 13411.635911494493 22839.519049555063 4859.4425603672862 4296.6028017252684 11450.987653441727 16771.859194979072 39094.410140298307 78933.782562196255 7200.127423979342 7320.5021410137415 34845.884516313672 20987.324979238212 2545.8052633106709 688.78875605762005 11203.058156177402 6450.9926530942321 4129.3430645167828 8373.290156930685 22513.589470379055 5348.0527840703726 1069.9228195175529 711.11091239005327 4757.6697493642569 8991.2430014237761 11356.48876413703 3019.7667631804943 5438.4409489259124
leaf_count=101038 17300 55925 173678 44819 200957 47301 50983 1783 139382 2142 64615 103654 71338 4776 78630 50768 11859 60866 71699 67193 196980 28546 37294 19418 35235 63413 162767 57827 54158 333027 93992 14597 2511 34241 26618 29369 34106 216978 30971 6144 4941 28459 73539 37766 8317 12009
internal_value=0.115747 0.152945 0.0416033 0.128836 0.0240565 0.169691 0.116188 0.12535 0.00263721 0.0388373 0.0801839 0.0329716 0.160311 0.0902572 0.0917713 0.138781 0.121968 0.0592333 0.109169 0.0834108 0.0282596 0.0806477 0.0738821 0.161233 0.155165 0.164463 0.16019 0.0270908 0.0900709 0.0209034 0.116647 0.0738462 0.0858951 0.142342 0.140401 0.0977378 0.0812225 -0.010146 0.0634708 0.069233 0.115537 0.0730618 0.0443275 0.152033 0.142114 0.151513
internal_weight=665492 443155 222337 181659 152836 261496 130673 96537.6 62407.2 90428.4 69501.1 77473.1 161784 34135.3 44737.2 52727.4 23268.6 24763.9 43810.2 30168.1 69334.4 30491.8 12955.3 50986.5 39535.5 133834 94739.1 21422 8658.69 46494.9 34546.9 25632.4 8869.65 22763.6 27950.7 17541 9263.24 40985.1 12627.2 23086.6 14245.4 8138.67 15894.2 29458.8 3967.13 9563.13
internal_count=3063929 1167704 1896225 695229 1388158 472475 561516 369907 615144 773014 508067 679420 371437 191609 306536 168327 79793 201531 201580 178516 633661 222965 93594 133713 114295 273481 210068 197209 56300 436681 165691 194419 63377 79060 97956 96562 35889 417935 81954 179822 83571 45759 138154 88534 13093 23868
is_linear=0
shrinkage=0.035


Tree=4
num_leaves=47
num_cat=0
split_feature=72 17 73 16 15 90 155 17 73 90 16 155 76 160 97 155 15 16 94 72 154 73 90 143 16 72 90 154 83 26 15 44 97 97 157 94 76 76 155 17 108 16 97 17 155 84
split_gain=1.04144e+06 190932 75592.8 43039.3 40183.9 32498.2 24721.3 19656.8 15053.8 12554.8 11560.4 10348.4 9842.66 8878.71 8444.55 7641.37 6739.84 6538.81 6510.95 6293.09 5927.47 5511.11 5044.26 4334.8 4157.48 4041.74 3982.29 3649.83 3580.02 3566.52 3563.77 3082.03 3000.01 2968.87 2904.87 2851.24 2772.28 2494.17 2473.33 2457.28 2428.27 2300.66 2273.37 2234.2 2178.75 2163.18
threshold=0.040877796709537513 0.31061333417892462 0.054965861141681678 0.31061333417892462 0.22396993637084964 0.32882797718048101 0.26871924102306372 1.0000000180025095e-35 0.025333665311336521 1.0589913725852969 0.22396993637084964 0.35421945154666906 1.0165358781814577 0.50720325112342846 -0.068334508687257753 0.17418967187404635 0.22396993637084964 0.50316895544528972 -0.2318349406123161 0.02543983701616526 0.12045205384492876 0.2689031213521958 1.6450697779655459 0.27482128143310552 1.0000000180025095e-35 0.024881502613425258 1.6450697779655459 0.17126997560262683 -0.039011413231492036 1.0000000180025095e-35 1.0000000180025095e-35 0.77957999706268322 -0.017245425842702385 0.40876863896846777 0.55734688043594371 -0.015591260977089403 1.8207086324691775 0.066646225750446333 0.51522961258888256 0.22396993637084964 0.065591398626565947 0.37446653842926031 -0.083240732550621019 1.0000000180025095e-35 0.14751654863357547 -0.43906411528587336
decision_type=2 2 2 2 2 2 2 2 2 2 2 2 2 2 2 2 2 2 2 2 2 2 2 2 2 2 2 2 2 2 2 2 2 2 2 2 2 2 2 2 2 2 2 2 2 2
left_child=2 5 8 9 6 7 14 13 -1 11 26 18 43 29 30 33 23 27 42 -10 -12 -15 -14 -5 -13 -22 38 41 -16 -2 37 -20 -25 -9 -21 -17 -11 39 -8 -4 -23 -6 -3 -7 -45 -26
right_child=1 3 4 16 17 12 10 15 19 36 20 24 22 21 28 35 -18 -19 31 34 25 40 -24 32 45 -27 -28 -29 -30 -31 -32 -33 -34 -35 -36 -37 -38 -39 -40 -41 -42 -43 -44 44 -46 -47
leaf_value=0.15871329393825592 -0.017398483594805975 0.048257955404011871 0.052678467798117093 0.068550437045137066 0.11007580984874858 0.024786701747313889 0.073975603862352662 0.049475630986480418 0.14422658263142965 0.086579605591144776 0.069822878176972192 0.02880919175941208 0.056535829401348235 0.052085651906235986 0.12253629462663282 0.013806735200299491 0.13479240829234002 0.15529997227380637 0.080363708707610393 0.12498917114675151 0.11784532044766596 0.054394398591617453 0.10025663666410474 0.093039229966607753 0.085225882003486728 0.091987093547652554 0.11193702617220126 0.15023136972810558 0.14153653845385758 0.0029077377162026177 0.12104162444109638 0.12987051520310181 0.1179274471117384 0.10149690029598721 0.060454981582294891 0.033551991923075002 0.12023104872866801 0.11492705244344344 0.045783912459549526 0.095082652601043288 0.002804493990202727 0.13284224190825517 0.080465319889443318 0.083571296105049209 0.040355954619237251 0.050692654976087867
leaf_weight=111851.7459353134 26164.708775646985 12735.589171335101 2093.3280963599682 4045.2087210714817 8097.066704466939 12331.652710080147 11491.483654044569 6368.832382582128 109614.75863476098 9577.4023136422038 5538.7358298301697 11550.516379237175 9577.0476300492883 4850.7184479981661 27308.44878077507 19471.337566137314 10884.786416955292 29232.705950535834 23121.583998151124 17071.600312240422 22087.348806627095 1237.7646485939622 4910.1912176981568 10203.626881428063 2619.0100329220295 11381.238489441574 2499.7136939615011 10931.46546087414 22839.358089961112 17799.806726083159 14264.611288435757 1664.7527838349342 14834.763460732996 1710.5842827260494 917.68954984098673 16613.993730850518 4469.1452898457646 6297.9384530261159 5771.1283963248134 8936.5801717489958 11035.131326720119 18389.61434058845 3425.1288869157434 1570.7848194465041 16053.689857088029 15198.350969783962
leaf_count=101038 273376 99083 9761 25895 30682 106241 59924 46338 188050 55267 33538 103085 63812 32222 91938 183055 33607 44520 133246 56460 70443 8777 23989 53808 17696 58047 9028 19461 50772 194443 37215 7149 61192 10789 4403 145154 17476 20107 41869 37842 86426 44977 21713 8766 129939 111310
internal_value=0.102953 0.049236 0.13591 0.0812926 0.120418 0.0226093 0.109788 0.012011 0.14931 0.067109 0.0924496 0.0610632 0.0477035 -0.000850116 0.122247 0.0297981 0.111215 0.142815 0.0724389 0.141059 0.103509 0.0205259 0.0713902 0.102365 0.0451905 0.10907 0.0705944 0.133038 0.131206 -0.00917768 0.108003 0.0837198 0.10781 0.0605579 0.121719 0.0229019 0.0973338 0.0972308 0.0645704 0.0870687 0.00803227 0.125909 0.0551119 0.0362359 0.0442352 0.0557962
internal_weight=720643 274026 446617 124330 207161 149696 140510 105253 239456 84361.5 58769.6 70314.9 44443.4 61088.1 81740.3 44164.7 39968.4 66650.9 40947.1 127604 39007.3 17123.6 14487.2 29083.6 29367.9 33468.6 19762.3 37418.1 50147.8 43964.5 31592.5 24786.3 25038.4 8079.42 17989.3 36085.3 14046.5 17327.8 17262.6 11029.9 12272.9 26486.7 16160.7 29956.1 17624.5 17817.4
internal_count=3063929 2053854 1010075 740527 660124 1313327 520484 980580 349951 566025 272849 493282 332747 595244 247635 385336 174502 139640 261191 248913 162028 127425 87801 140895 232091 128490 110821 95120 142710 467819 104925 140395 115000 57127 60863 328209 72743 67710 101793 47603 95203 75659 120796 244946 138705 129006
is_linear=0
shrinkage=0.035


Tree=5
num_leaves=47
num_cat=0
split_feature=74 75 17 16 155 16 90 15 3 75 74 90 74 97 97 155 76 16 76 74 97 17 75 143 171 15 97 90 154 171 13 76 155 84 157 155 171 83 14 75 4 83 7 113 83 7
split_gain=911243 93177 87340.5 45619.9 22786.2 20951.1 19150 12144.3 10283.8 9760.56 9016.1 8321.13 6842.82 6262.84 6242.06 5590.46 5523.62 4707.06 4530.47 4496.5 4373.39 4196.36 4158.43 3926.55 3865.99 3816.34 3475.74 3189.95 3027.28 2974.27 3826.96 2971.07 2656.52 2588.89 2536.05 2494.34 2490.53 2730.25 2443.89 2362.57 2327.34 2313.13 2415.94 2309.89 2262.72 2166.61
threshold=0.033828781917691238 0.059224320575594909 0.22396993637084964 0.31061333417892462 0.27647566795349127 0.22396993637084964 0.20026118308305743 0.22396993637084964 0.050006855279207237 0.027925742790102962 0.18254644423723224 0.47096498310565954 0.025188324041664604 -0.068334508687257753 0.59861505031585704 0.34876438975334173 0.52958980202674877 0.53458327054977428 1.4560756087303164 0.025188324041664604 -0.052492048591375344 0.22396993637084964 0.17352695018053058 0.6368871033191682 0.16375385224819186 0.22396993637084964 0.13366805016994479 1.7330860495567324 0.16144669055938723 0.34908045828342443 0.31061333417892462 0.62353116273880016 0.35148999094963079 1.3586692214012148 0.55734688043594371 0.5878942906856538 0.19584646075963977 2.8614701032638554 1.0000000180025095e-35 0.31634049117565161 0.14931328594684604 0.37919212877750402 0.40283498167991644 0.078461539000272765 -0.058447916060686105 0.17061966657638553
decision_type=2 2 2 2 2 2 2 2 2 2 2 2 2 2 2 2 2 2 2 2 2 2 2 2 2 2 2 2 2 2 2 2 2 2 2 2 2 2 2 2 2 2 2 2 2 2
left_child=1 9 6 4 8 11 10 12 36 -1 20 15 24 22 21 26 -8 28 25 41 -2 -6 -10 -22 -5 32 -4 35 -9 30 -18 -13 45 -14 -21 44 -3 -38 -12 -15 -24 -11 -43 -25 -23 -7
right_child=2 3 5 7 14 18 16 17 13 19 38 31 33 39 -16 -17 29 -19 -20 34 23 27 40 43 -26 -27 -28 -29 -30 -31 -32 -33 -34 -35 -36 -37 37 -39 -40 -41 -42 42 -44 -45 -46 -47
leaf_value=0.14064571000922466 0.0052207392869666608 0.081660664177689524 0.040698388774461983 0.099735826608664022 0.041306550339423924 0.055536727125210031 0.021982807284186997 0.11503911579560418 0.088916354273598106 0.12177056597675007 -0.015641516019984539 0.051034962403810627 0.092400082882618709 0.10527507772894633 0.09220824810151404 0.025203339415430431 0.035915786301544413 0.13845476688963182 0.11225007650411023 0.1046849837895969 0.013359820205042412 0.059553217454565426 0.03632373960515007 0.10851980228403299 0.11854884211528305 0.11114303564104573 0.068614956326024962 0.10195349647645972 0.13341129532441781 0.093915953180018191 0.087861384376399995 0.076711915599572786 0.058017083570954517 0.056345816799005966 0.015289354309864927 0.047558814704879951 0.12671972797993855 0.099697877096123294 0.0047759861825138776 0.071508584958497282 0.073683981552225788 0.13510191669489466 0.12213157199638985 0.041988923085297142 0.082027646161849724 0.085755054831342575
leaf_weight=110372.45107859373 27569.778179071844 2249.1562014892697 21500.981692492962 21771.645825974643 7831.2091766446829 3856.1936828866601 19042.53248628974 39524.936273097992 15126.168808728456 47039.476478353143 26877.019000530243 12226.446522809565 10010.535548448563 27219.53479808569 13116.616585247219 25012.157093003392 10141.585586994886 26153.147079780698 3942.6583797633648 6767.1110217869282 8638.1611903086305 10201.32875084132 3520.7883727774024 719.91682241111994 36190.277324490249 2876.8307611271739 7351.3913460373878 3421.5721978396177 15719.377637296915 1730.2781395763159 2097.2125127539039 10179.426684625447 14655.146312855184 3277.7585631161928 415.03201675415039 6850.6517535075545 20353.504436895251 6109.1140032410622 9795.1670842021704 2862.0665035843849 4934.6009489372373 65498.689038917422 25239.586465075612 5608.1175752729177 12164.484862439334 12460.308982372284
leaf_count=86701 258101 7954 162767 71375 49957 24603 167977 95910 53461 93480 270138 88433 47966 88927 56521 220227 76512 34322 16638 25084 93372 54419 15865 3987 86293 12033 48786 11142 24249 7784 12872 59133 99072 16387 2162 42949 43390 12704 106065 11890 18550 82737 42900 39495 52643 65996
internal_value=0.0928122 0.117366 0.0337869 0.103735 0.0889797 0.0553545 0.0118635 0.116873 0.100542 0.132771 0.00252862 0.0447888 0.106287 0.0914667 0.071196 0.0373244 0.0342569 0.12613 0.0766677 0.12677 0.0134922 0.0643728 0.0779082 0.0287205 0.111494 0.0725036 0.0478244 0.0698985 0.120281 0.0509716 0.0448565 0.0627183 0.0688934 0.0835369 0.0995374 0.066124 0.117481 0.120506 -0.0101879 0.102078 0.0581652 0.128185 0.131503 0.0496549 0.0717959 0.0786369
internal_weight=770222 543941 226281 288608 135961 114062 112220 152648 82374.9 255332 79208.2 76270.4 71250.2 53663.2 53585.9 53864.5 33011.6 81397.5 37791.1 144960 42536 40469.2 23581.6 14966.2 57961.9 33848.5 28852.4 32638 55244.3 13969.1 12238.8 22405.9 30971.6 13288.3 7182.14 29216.5 28711.8 26462.6 36672.2 30081.6 8455.39 137778 90738.3 6328.03 22365.8 16316.5
internal_count=3063929 1229938 1833991 896874 520372 797688 1036303 376502 252741 333064 771158 579346 222021 188693 267631 431780 265145 154481 218342 246363 394955 211110 87876 136854 157668 201704 211553 161153 120159 97168 89384 147566 189671 64353 27246 150011 64048 56094 376203 100817 34415 219117 125637 43482 107062 90599
is_linear=0
shrinkage=0.035


end of trees

feature_importances:
Column_74=25
Column_90=22
Column_97=18
Column_17=17
Column_76=16
Column_155=16
Column_75=15
Column_16=14
Column_15=12
Column_72=11
Column_3=9
Column_73=9
Column_83=7
Column_143=6
Column_154=6
Column_13=5
Column_19=5
Column_82=5
Column_84=5
Column_171=5
Column_86=4
Column_94=4
Column_96=4
Column_14=3
Column_157=3
Column_160=3
Column_5=2
Column_7=2
Column_18=2
Column_20=2
Column_26=2
Column_44=2
Column_100=2
Column_102=2
Column_4=1
Column_21=1
Column_22=1
Column_25=1
Column_32=1
Column_101=1
Column_108=1
Column_113=1
Column_144=1
Column_146=1
Column_177=1

parameters:
[boosting: gbdt]
[objective: binary]
[metric: binary_logloss]
[tree_learner: serial]
[device_type: cpu]
[data_sample_strategy: bagging]
[data: ]
[valid: ]
[num_iterations: 450]
[learning_rate: 0.035]
[num_leaves: 47]
[num_threads: 10]
[seed: 20260824]
[deterministic: 0]
[force_col_wise: 0]
[force_row_wise: 0]
[histogram_pool_size: -1]
[max_depth: -1]
[min_data_in_leaf: 100]
[min_sum_hessian_in_leaf: 0.001]
[bagging_fraction: 1]
[pos_bagging_fraction: 1]
[neg_bagging_fraction: 1]
[bagging_freq: 0]
[bagging_seed: 4565]
[bagging_by_query: 0]
[feature_fraction: 0.8]
[feature_fraction_bynode: 1]
[feature_fraction_seed: 12274]
[extra_trees: 0]
[extra_seed: 23975]
[early_stopping_round: 0]
[early_stopping_min_delta: 0]
[first_metric_only: 0]
[max_delta_step: 0]
[lambda_l1: 0.25]
[lambda_l2: 6]
[linear_lambda: 0]
[min_gain_to_split: 0]
[drop_rate: 0.1]
[max_drop: 50]
[skip_drop: 0.5]
[xgboost_dart_mode: 0]
[uniform_drop: 0]
[drop_seed: 11764]
[top_rate: 0.2]
[other_rate: 0.1]
[min_data_per_group: 100]
[max_cat_threshold: 32]
[cat_l2: 10]
[cat_smooth: 10]
[max_cat_to_onehot: 4]
[top_k: 20]
[monotone_constraints: ]
[monotone_constraints_method: basic]
[monotone_penalty: 0]
[feature_contri: ]
[forcedsplits_filename: ]
[refit_decay_rate: 0.9]
[cegb_tradeoff: 1]
[cegb_penalty_split: 0]
[cegb_penalty_feature_lazy: ]
[cegb_penalty_feature_coupled: ]
[path_smooth: 0]
[interaction_constraints: ]
[verbosity: -1]
[saved_feature_importance_type: 0]
[use_quantized_grad: 0]
[num_grad_quant_bins: 4]
[quant_train_renew_leaf: 0]
[stochastic_rounding: 1]
[linear_tree: 0]
[max_bin: 255]
[max_bin_by_feature: ]
[min_data_in_bin: 3]
[bin_construct_sample_cnt: 200000]
[data_random_seed: 4772]
[is_enable_sparse: 1]
[enable_bundle: 1]
[use_missing: 1]
[zero_as_missing: 0]
[feature_pre_filter: 1]
[pre_partition: 0]
[two_round: 0]
[header: 0]
[label_column: ]
[weight_column: ]
[group_column: ]
[ignore_column: ]
[categorical_feature: ]
[forcedbins_filename: ]
[precise_float_parser: 0]
[parser_config_file: ]
[objective_seed: 31899]
[num_class: 1]
[is_unbalance: 0]
[scale_pos_weight: 10.6378]
[sigmoid: 1]
[boost_from_average: 1]
[reg_sqrt: 0]
[alpha: 0.9]
[fair_c: 1]
[poisson_max_delta_step: 0.7]
[tweedie_variance_power: 1.5]
[lambdarank_truncation_level: 30]
[lambdarank_norm: 1]
[label_gain: ]
[lambdarank_position_bias_regularization: 0]
[eval_at: ]
[multi_error_top_k: 1]
[auc_mu_weights: ]
[num_machines: 1]
[local_listen_port: 12400]
[time_out: 120]
[machine_list_filename: ]
[machines: ]
[gpu_platform_id: -1]
[gpu_device_id: -1]
[gpu_device_id_list: ]
[gpu_use_dp: 0]
[num_gpu: 1]

end of parameters

pandas_categorical:null
