tree
version=v4
num_class=1
num_tree_per_iteration=1
label_index=0
max_feature_idx=230
objective=binary sigmoid:1
feature_names=Column_0 Column_1 Column_2 Column_3 Column_4 Column_5 Column_6 Column_7 Column_8 Column_9 Column_10 Column_11 Column_12 Column_13 Column_14 Column_15 Column_16 Column_17 Column_18 Column_19 Column_20 Column_21 Column_22 Column_23 Column_24 Column_25 Column_26 Column_27 Column_28 Column_29 Column_30 Column_31 Column_32 Column_33 Column_34 Column_35 Column_36 Column_37 Column_38 Column_39 Column_40 Column_41 Column_42 Column_43 Column_44 Column_45 Column_46 Column_47 Column_48 Column_49 Column_50 Column_51 Column_52 Column_53 Column_54 Column_55 Column_56 Column_57 Column_58 Column_59 Column_60 Column_61 Column_62 Column_63 Column_64 Column_65 Column_66 Column_67 Column_68 Column_69 Column_70 Column_71 Column_72 Column_73 Column_74 Column_75 Column_76 Column_77 Column_78 Column_79 Column_80 Column_81 Column_82 Column_83 Column_84 Column_85 Column_86 Column_87 Column_88 Column_89 Column_90 Column_91 Column_92 Column_93 Column_94 Column_95 Column_96 Column_97 Column_98 Column_99 Column_100 Column_101 Column_102 Column_103 Column_104 Column_105 Column_106 Column_107 Column_108 Column_109 Column_110 Column_111 Column_112 Column_113 Column_114 Column_115 Column_116 Column_117 Column_118 Column_119 Column_120 Column_121 Column_122 Column_123 Column_124 Column_125 Column_126 Column_127 Column_128 Column_129 Column_130 Column_131 Column_132 Column_133 Column_134 Column_135 Column_136 Column_137 Column_138 Column_139 Column_140 Column_141 Column_142 Column_143 Column_144 Column_145 Column_146 Column_147 Column_148 Column_149 Column_150 Column_151 Column_152 Column_153 Column_154 Column_155 Column_156 Column_157 Column_158 Column_159 Column_160 Column_161 Column_162 Column_163 Column_164 Column_165 Column_166 Column_167 Column_168 Column_169 Column_170 Column_171 Column_172 Column_173 Column_174 Column_175 Column_176 Column_177 Column_178 Column_179 Column_180 Column_181 Column_182 Column_183 Column_184 Column_185 Column_186 Column_187 Column_188 Column_189 Column_190 Column_191 Column_192 Column_193 Column_194 Column_195 Column_196 Column_197 Column_198 Column_199 Column_200 Column_201 Column_202 Column_203 Column_204 Column_205 Column_206 Column_207 Column_208 Column_209 Column_210 Column_211 Column_212 Column_213 Column_214 Column_215 Column_216 Column_217 Column_218 Column_219 Column_220 Column_221 Column_222 Column_223 Column_224 Column_225 Column_226 Column_227 Column_228 Column_229 Column_230
feature_infos=none [-1.3667221069335938:1.2228531837463379] [-1.3717678785324097:1.5179100036621094] [0:1.7106336355209351] [0.1155245304107666:1.1062096357345581] [0.1155245304107666:1.5495724678039551] [-0.014259255491197109:0.346840500831604] [0.12472222000360489:0.25845295190811157] [0:1] [0:1.2780481576919556] [0.13862943649291992:0.90217190980911255] [0:0.4023594856262207] [0:0.48647752404212952] [0:0.65976434946060181] [0:0.95166563987731934] [0:0.54930615425109863] [0:0.64123731851577759] [0:0.67701256275177002] [0:0.70830333232879639] [0:1.4756346940994263] [0:1.5841083526611328] [0:1.6722949743270874] [0:1.6722949743270874] [0:0.62122666835784912] [0:0.67701256275177002] [0:0.82395923137664795] [0:1.1462419033050537] [0:1.6004083156585693] [0:0.79929840564727783] [0:0.57564628124237061] [0:0.74893307685852051] [0:0.78387355804443359] [0:0.82241231203079224] [0:0.57564628124237061] [0:0.74893307685852051] [0:0.78387355804443359] [0:0.84481734037399292] [0:0.57564628124237061] [0:0.74893307685852051] [0:0.78387355804443359] [0:0.91482293605804443] [0:0.44793987274169922] [0:0.69314718246459961] [0:0.93441742658615112] [0:0.93913161754608154] [0:0.44793987274169922] [0:0.72259294986724854] [0:0.96780025959014893] [0:0.94440442323684692] [0:0.44793987274169922] [0:0.73610973358154297] [0:0.97295504808425903] [0:0.91482293605804443] [0:0.91482293605804443] [0:0.74893307685852051] [0:0.74893307685852051] [0:0.96780025959014893] [0:0.96780025959014893] [0:0.74893307685852051] [0:0.82395923137664795] [0:2.7382149696350098] [0:4.0669922828674316] [0:5.3737444877624512] [0:3.8765265941619873] [0:4.7306246757507324] [0:5.755767822265625] [0:4.3412232398986816] [0:5.236727237701416] [0:6.1116466522216797] [0:4.6281261444091797] [0:5.5723991394042969] [0:6.4153037071228027] [-2.6396701335906982:0] [-1.3667221069335938:1.2228531837463379] [-1.3717678785324097:1.5179100036621094] [-1.2246962785720825:1.0435549020767212] [-0.97463232278823853:1.007066011428833] [-1.0000001192092896:1] [-0.77166634798049927:1.1313893795013428] [-1.6398227214813232:1.0492738485336304] [-0.31603088974952698:0.29616644978523254] [-0.22532129287719727:0.21260479092597961] [-1.0000001192092896:1] [-0.28184473514556885:0.19839347898960114] [-1.4970704317092896:1.2130072116851807] [0:1.2447440624237061] [0:1.350239634513855] [0:1.0707606077194214] [0.0019100838107988238:1.2569993734359741] [-2.6393764019012451:4.2790436744689941] [-5.4795951843261719:2.5899958610534668] [-1.4820009469985962:5.5677647590637207] [-1.4142135381698608:5.5677647590637207] [-1.4142135381698608:5.5677647590637207] [-1.8708288669586182:5.5677647590637207] [-2.6379387378692627:5.5677647590637207] [-1.7845439910888672:5.5677647590637207] [-2.0973410606384277:5.5677647590637207] [-3.2656512260437012:5.5677647590637207] [-5.5677647590637207:3.8729832172393799] [-1.4142135381698608:5.5677647590637207] [-1.4142135381698608:5.5677647590637207] [-1.5689290761947632:5.5677647590637207] [-2.3670363426208496:5.5677647590637207] [-1.7551435232162476:5.5677647590637207] [-1.4365047216415405:5.5677647590637207] [-1.2761707305908203:5.5677647590637207] [-1.7320507764816284:5.5677647590637207] [-1.7320507764816284:5.5677647590637207] [-1.7320507764816284:5.5677647590637207] [-1.7320507764816284:5.5677647590637207] [-2:5.5677647590637207] [-2:5.5677647590637207] [0:1] [0:1] [0:1] [0:1] [0:1] [0:1] [0:1] [0:1] [0:1] [0:1] [0:1] [0:1] [0:1] [0:1] [0:1] [0:1] [0:1] [0:1] [0:1] [0:1] [0:1] [0:1] [0:1] [0:1] none none [0.1155245304107666:0.75180989503860474] [0:1.4756346940994263] [0:0.88388413190841675] [0.40000000596046448:1] [0:0.43944492936134338] none none none none [-1.2246962785720825:1.0435549020767212] [-0.97463232278823853:1.007066011428833] [0.1155245304107666:1.4042527675628662] [0:1] [-1:1] [-1:1] [-0.95611751079559326:0.74301260709762573] [-0.72782593965530396:0.89978188276290894] [0.18228861689567566:1.295362114906311] [0:1.0025273561477661] [0:0.4389130175113678] [0.40000000596046448:0.98000001907348633] [0:0.27399036288261414] none none none none [-0.13896919786930084:0.072237566113471985] [-0.099372804164886475:0.060371343046426773] [0.1155245304107666:0.94124442338943481] [0.0002914775104727596:0.86199241876602173] [-0.34559169411659241:0.32581257820129395] [-0.12966731190681458:0.89301526546478271] [-0.70809626579284668:0.73710232973098755] [-0.62129461765289307:0.74984836578369141] [0.1155245304107666:1.1967587471008301] [0:1.1452763080596924] [0:0.53569597005844116] [0.40000000596046448:1] [0:0.37273600697517395] none none none none [-0.31603088974952698:0.29616644978523254] [-0.22532129287719727:0.21260479092597961] [0.1155245304107666:1.0485537052154541] [0:1] [-0.94145321846008301:0.79764729738235474] [-0.48452126979827881:1] [-0.64673364162445068:0.80110788345336914] [-0.93359065055847168:0.58023256063461304] [-0.84705936908721924:1.0646880865097046] [-0.64062213897705078:1.0025273561477661] [-0.39476007223129272:0.40327706933021545] [-0.44999998807907104:0.89999997615814209] [-0.23410657048225403:0.23410657048225403] none none none none [-0.47366335988044739:0.44084370136260986] [-0.37697100639343262:0.37792247533798218] [-0.76452791690826416:1.0196726322174072] [-0.63774532079696655:0.73509615659713745] [-1.3523123264312744:1.5046215057373047] [-1.0997085571289062:1.0838395357131958] [-1.4134136438369751:5.5677647590637207] [-1.4134230613708496:5.5630917549133301] [-1.5499440431594849:5.396702766418457] [-1.9563994407653809:5.5670309066772461] [-2.1632485389709473:5.5652847290039062] [-2.5308723449707031:5.5030546188354492] [-4.0281004905700684:5.4116344451904297] [-4.6630358695983887:4.8737635612487793] [-4.4881114959716797:4.6889820098876953] [-4.5109705924987793:5.3366761207580566] [-4.3922677040100098:4.2015419006347656] [-4.3716425895690918:3.5895805358886719] [-4.2940263748168945:4.9599967002868652] [0:1] [0:1] [0:1] [0:1] [0:1] [0:1] [0:1] [0:1] [0:1] [0:1] [0:1] [0:1] [0:1]
tree_sizes=3389 3415 3449 3471 3463 3486 3452 3478 3502 3475

Tree=0
num_leaves=31
num_cat=0
split_feature=85 87 86 7 98 98 160 88 1 83 5 172 211 172 108 165 85 216 173 189 72 7 199 199 96 204 193 155 204 201
split_gain=10677.8 1607.64 1197.15 511.417 502.966 307.27 272.635 214.53 200.704 186.714 185.015 178.299 158.444 154.071 169.008 139.693 126.511 123.323 120.251 117.203 113.838 109.371 108.363 167.772 100.86 92.1796 91.707 90.3772 89.8319 91.6963
threshold=0.11379010975360872 0.16202040761709216 0.13001942634582522 0.22473920881748202 0.25573775172233587 0.33210496604442602 0.19434742629528048 0.21407432109117511 -0.13848830014467237 -0.017545734532177445 1.1572675108909609 0.065479062497615828 -0.5450613498687743 -0.0042216442525386802 -0.18429378420114514 -0.012694017495959995 0.20271153748035434 -0.50045818090438832 0.71449398994445812 0.053912837058305747 -1.3560399413108823 0.25075881183147436 -0.046910237520933144 0.039980884641408927 -0.32163377106189722 0.44181108474731451 0.19999995827674868 -0.1645792871713638 0.7187747359275819 0.18674005568027499
decision_type=2 2 2 2 2 2 2 2 2 2 2 2 2 2 2 2 2 2 2 2 2 2 2 2 2 2 2 2 2 2
left_child=2 3 17 -2 7 13 8 20 12 -10 -3 -7 -6 14 -5 -16 22 -1 25 -14 -4 28 -15 26 -17 -9 -24 -19 29 -11
right_child=1 10 4 5 6 11 -8 18 9 21 -12 -13 19 16 15 24 -18 27 -20 -21 -22 -23 23 -25 -26 -27 -28 -29 -30 -31
leaf_value=-1.5184163164575297 -1.5887000392855168 -1.5956615840470194 -1.5003256080121372 -1.5904140592821259 -1.59927138009753 -1.4973851541144856 -1.5767929051509055 -1.5936037373328789 -1.5954260863770851 -1.4863156147908516 -1.6228513337800046 -1.5979220805743153 -1.5100672327152269 -1.6143692084411569 -1.589237682590297 -1.5602054061517201 -1.6211781917802672 -1.5751315147627174 -1.5270651843260077 -1.6024046063515924 -1.5411636396601089 -1.5839356592037119 -1.5321078389388669 -1.6013407611925305 -1.5084164221919665 -1.5354028978532648 -1.6094207836468761 -1.4696104926361775 -1.5664932809160335 -1.5356782862190614
leaf_weight=99.380762457847595 354.28447988629341 364.84788785874844 135.42249092459679 56.050912857055664 31.244762301445007 144.15657272934914 46.678518280386925 119.37254597246647 16.873601496219635 914.12367674708366 570.37262459099293 18.410344883799553 87.67009174823761 31.408926859498024 35.690827906131744 66.139228031039238 38.679647117853165 11.419032514095305 48.099073752760887 13.672641083598135 214.98035734891891 14.49251928925514 121.83640657365322 55.103561013936996 150.20053325593472 24.744999021291733 13.53905229270458 1257.1800368130207 21.860137417912483 68.987398713827133
leaf_count=383 2081 2212 459 330 192 478 255 716 101 2864 3877 112 315 209 208 331 265 58 190 86 981 80 520 343 545 98 89 3385 109 296
internal_value=-1.52965 -1.58349 -1.49497 -1.55876 -1.51215 -1.54453 -1.50114 -1.53779 -1.49829 -1.49353 -1.61227 -1.50813 -1.5391 -1.55595 -1.54155 -1.53129 -1.57411 -1.47345 -1.56533 -1.52193 -1.5237 -1.4919 -1.56548 -1.55717 -1.52244 -1.58098 -1.53997 -1.47041 -1.49071 -1.48929
internal_weight=5146.92 2020.72 3126.2 1085.5 1758.22 731.216 1215.6 542.619 1168.92 1036.34 935.221 162.567 132.587 568.649 308.082 252.031 260.568 1367.98 192.217 101.343 350.403 1019.46 221.888 190.479 216.34 144.118 135.375 1268.6 1004.97 983.111
internal_count=22168 11600 10568 5511 6742 3430 4298 2444 4043 3450 6089 590 593 2840 1414 1084 1426 3826 1004 401 1440 3349 1161 952 876 814 609 3443 3269 3160
is_linear=0
shrinkage=1


Tree=1
num_leaves=31
num_cat=0
split_feature=87 86 98 87 88 7 109 98 5 1 98 202 174 212 224 109 81 167 191 6 78 200 83 86 155 212 159 169 155 7
split_gain=8351.01 1912.52 622.508 586.907 338.466 235.31 235.823 213.212 175.898 160.505 152.272 143.551 141.956 134.245 123.683 129.607 113.865 108.957 108.171 127.448 102.765 100.338 98.8688 97.6749 94.6536 135.326 102.205 95.9493 91.4849 91.2016
threshold=0.11339932680130006 0.18224476277828219 0.73993533849716198 0.16317769140005114 0.10295750200748445 0.22473920881748202 -0.2990784347057342 0.49955466389656072 1.1385689377784731 -0.33758540451526636 0.071484625339508071 -0.32311350107192988 0.17094204574823382 0.020541645586490635 0.4463601559400559 -0.24397081881761548 0.0578426942229271 0.17922722548246386 -1.0000000180025095e-35 0.090271938592195525 0.026951804757118229 -0.14594561606645581 -0.011086966842412947 0.50251236557960521 0.0027076828991994266 -1.0870310068130491 0.72499999403953563 -0.13694477081298825 0.093603789806365981 0.20824074000120166
decision_type=2 2 2 2 2 2 2 2 2 2 2 2 2 2 2 2 2 2 2 2 2 2 2 2 2 2 2 2 2 2
left_child=1 4 5 10 -1 13 -7 17 21 -4 29 -11 16 14 -3 -16 24 -6 19 -13 -19 -5 -9 -20 25 -8 -26 -27 -21 -2
right_child=3 2 9 8 7 6 12 22 -10 11 -12 18 -14 -15 15 -17 -18 20 23 28 -22 -23 -24 -25 26 27 -28 -29 -30 -31
leaf_value=0.12498106027808598 -0.016010193688807697 0.012649282934199289 0.026969006781109504 0.051514377100883503 0.0096363093758235398 0.012754030593682691 0.0094792447663788835 0.0094272124234061633 -0.021268719417870625 0 0.079373660582299582 0.0031093097829634456 -0.0041384236431174044 -0.010094141444475499 0.074006024687516006 -0.0013753082561635953 0 0.08514182743881557 0.10100447940391716 0.086921868749079909 0.0058031184913582825 0 0.10627769511869899 0.014804863647236812 0.0011761855531037778 0.0026919437036130025 0.061731284026947865 0.09801039389742297 0.0087860447565857019 0.027879682597700788
leaf_weight=622.84924906492233 43.053572446107864 131.76058274507523 50.876865312457085 31.408649325370789 20.843668252229691 100.95881587266922 20.998505800962448 11.24714735150337 589.02201822400093 16.343193113803864 43.911905139684677 29.208481043577194 24.370728522539139 82.783444613218307 80.1659015417099 26.166662871837616 20.50986585021019 683.62462124228477 417.02286598086357 85.237461492419243 16.389381363987923 300.63005447387695 1147.2019086927176 15.163378998637198 31.168514639139175 10.636667206883429 136.39097814261913 193.77036678791046 18.131601482629776 376.93960291147232
leaf_count=1398 286 750 263 141 114 568 117 60 4050 97 153 168 151 527 313 160 122 2380 1254 278 93 1856 3231 80 184 61 574 611 101 1991
internal_value=0.0658485 0.0878278 0.0604258 0.00233642 0.103945 0.0431846 0.055282 0.0965299 -0.011509 0.0831325 0.0296107 0.0876523 0.0647095 0.0220925 0.0332951 0.0564241 0.0687938 0.0813704 0.0901582 0.0599799 0.083375 0.00585488 0.105409 0.0982882 0.072329 0.0861058 0.0510262 0.0933534 0.074738 0.0231672
internal_weight=5378.79 3993.82 1491.66 1384.97 2502.16 859.681 538.804 1879.31 921.061 631.984 463.905 581.107 437.846 320.877 238.093 106.333 413.475 720.858 564.764 132.578 700.014 332.039 1158.45 432.186 392.965 225.406 167.559 204.407 103.369 419.993
internal_count=22132 13655 6379 8477 7276 4138 2388 5878 6047 2241 2430 1978 1820 1750 1223 473 1669 2587 1881 547 2473 1997 3291 1334 1547 789 758 672 379 2277
is_linear=0
shrinkage=0.03


Tree=2
num_leaves=31
num_cat=0
split_feature=85 99 17 7 3 88 201 225 5 156 159 165 209 211 202 157 188 84 202 98 69 88 184 10 7 169 75 82 7 165
split_gain=7323.64 1000.44 966.741 375.964 321.753 226.265 208.972 245.828 188.482 172.004 166.245 157.786 157.052 147.376 146.743 134.676 126.419 125.777 117.039 121.818 115.524 115.511 149.646 127.145 114.958 134.539 111.989 107.475 103.036 99.1929
threshold=0.13343281298875811 -0.43041984736919398 0.22396993637084964 0.22473920881748202 0.1722269877791405 0.092841945588588728 -0.038178779184818261 0.19292803853750232 1.1572675108909609 0.62472748756408703 0.76249995827674877 -0.023625712841749188 -0.9529767334461211 -0.82981234788894642 -0.30328534543514246 0.18417937308549884 0.0014512636698782446 -0.27331334352493281 -0.10264162719249724 1.7677050828933718 2.5480035543441777 0.28793436288833624 0.28681057691574102 0.68351846933364879 0.20939858257770541 0.037297848612070091 0.31148353219032293 0.14247327297925952 0.25174999237060552 -0.01153357047587633
decision_type=2 2 2 2 2 2 2 2 2 2 2 2 2 2 2 2 2 2 2 2 2 2 2 2 2 2 2 2 2 2
left_child=2 8 4 24 9 -4 10 -8 -2 -1 -5 -9 -13 -6 -11 -14 26 18 -7 -20 28 22 -15 -23 -3 -26 -16 29 -19 -12
right_child=1 3 5 6 13 17 7 11 -10 14 27 12 15 21 16 -17 -18 20 19 -21 -22 23 -24 -25 25 -27 -28 -29 -30 -31
leaf_value=0.03327567862621339 0.0043317464315687981 -0.015800669285816252 0.11654169160566785 -0.015900440445411335 -0.0033078656053550986 0.015957507719204678 0.005304487157992057 -0.0086099564561304062 -0.023167014808961262 0.00071504592619293244 -0.0084705023007077135 0.0039287452540523893 0.089672721761493795 0.016244206048178163 0.069147315017798971 0 0.10053223796145719 0.094057216672145325 0.083453808154444697 -0.0084128494344547292 0.021216038487923545 0.0053015593653534913 0.069753507947552126 0.061435162571171972 0.0020429503037089503 0.048081985462882781 -0.020989051467500987 -0.019900872259431372 0.005322203393380927 0.064238308808392541
leaf_weight=87.724794685840607 409.67106945812702 108.8926627188921 468.6040111631155 63.963807314634323 54.715821236371994 45.402590990066528 59.543849393725395 18.635190054774284 482.44419793784618 19.322301059961319 18.275531455874443 24.77092307806015 251.21164953708649 65.109217911958694 215.00706607103348 16.208720713853836 283.01891115307808 2024.1308484971523 121.96492728590965 12.868491306900976 25.232177004218102 105.43244722485542 239.17972119152546 50.03743639588356 143.24101215600967 89.326881349086761 9.9346917271614057 18.077661350369453 12.968547359108923 91.083946123719215
leaf_count=412 2441 727 914 411 326 229 347 118 3376 107 111 141 809 344 769 99 759 5597 373 77 117 600 878 193 865 417 66 121 70 349
internal_value=0.0619922 0.0119026 0.0853401 0.0340426 0.0612545 0.0951868 0.0489983 0.0620891 -0.0105921 0.0761146 0.0223171 0.0725777 0.077871 0.0426872 0.0826927 0.0844071 0.0857386 0.0903711 0.0610549 0.0746295 0.0927129 0.0481511 0.0589605 0.0253011 0.00891734 0.0206581 0.0646078 0.0414066 0.0935176 0.0522188
internal_weight=5636 1795.35 3840.65 903.232 1129.48 2711.17 561.771 370.37 892.115 615.008 191.401 310.826 292.191 514.475 527.283 267.42 507.961 2242.57 180.236 134.833 2062.33 459.759 304.289 155.47 341.461 232.568 224.942 127.437 2037.1 109.359
internal_count=22163 10332 11831 4515 4454 7377 2506 1514 5817 2113 992 1167 1049 2341 1701 908 1594 6463 679 450 5784 2015 1222 793 2009 1282 835 581 5667 460
is_linear=0
shrinkage=0.03


Tree=3
num_leaves=31
num_cat=0
split_feature=85 87 86 98 98 88 85 3 170 159 71 36 165 66 7 177 36 70 203 7 188 83 184 152 159 226 151 201 225 22
split_gain=6342.1 955.504 835.07 332.107 274.244 212.058 159.391 146.633 119.778 113.635 120.444 118.544 112.869 110.832 114.789 171.185 132.282 103.851 100.221 99.6056 97.5455 95.4473 90.4095 88.53 84.9907 98.587 84.0794 83.5466 91.4747 81.9461
threshold=0.13343281298875811 0.16317769140005114 0.13001942634582522 0.25573775172233587 0.52771052718162548 0.21806698292493823 0.1965659633278847 0.28861604630947119 0.060456387698650367 0.67500004172325145 3.7574117183685307 0.24964435398578647 -0.015606746077537535 1.6926645040512087 0.21779103577136996 0.16609474271535876 0.54616111516952526 1.3186730146408083 0.5381784737110139 0.21435184031724933 0.008600039407610895 -0.0041213224176317445 0.67343208193779003 -0.9979163110256194 0.67499998211860668 0.12701612710952762 0.011019472498446705 -0.073298908770084367 0.16064515709877017 1.2993428111076357
decision_type=2 2 2 2 2 2 2 2 2 2 2 2 2 2 2 2 2 2 2 2 2 2 2 2 2 2 2 2 2 2
left_child=2 4 21 5 6 24 12 -3 -6 -7 11 -11 -2 14 15 -5 23 -9 27 -10 -18 -1 -19 -16 -4 -26 -8 -14 -29 -30
right_child=1 7 3 13 8 9 26 17 19 10 -12 -13 18 -15 16 -17 20 22 -20 -21 -22 -23 -24 -25 25 -27 -28 28 29 -31
leaf_value=0.050270743461473283 -0.017711543301447311 0.012357547024215052 0.017321435453477863 0.062824763417581975 -0.0037591529534139775 -0.024484706341338758 0.035371261118073462 -0.033025772226759738 0.013466000406203323 0.023024729207108539 -0.010214042786456804 0.067970913373583519 0.013412978752216269 0.0061715419011348135 0.0040726743122547135 -0.017770544856980128 -0.00038789451215353921 -0.012090369833342404 -0.0178895596214469 0.083919557390514973 0.061747481311902906 0.095965172537142179 0.044449460926822712 0.085206824041608717 0.015683291329008038 0.068425405616223164 -0.0044868374916804885 0.007676117575004561 0.05860926016129419 -0.014369406834236442
leaf_weight=68.129215747117996 31.103829860687256 179.29149332642555 43.916266530752182 294.30980171263218 19.132139682769775 27.556484162807465 54.340145021677017 248.64648427069187 24.679272025823593 136.36102969944477 42.55949455499649 94.570730924606323 84.106216594576836 22.528752967715263 13.255903646349905 22.585907563567162 32.454920008778572 460.15579986572266 23.190148860216141 129.72395454347134 65.800451591610909 1611.8256427198648 20.054387643933296 1001.1856744736433 39.93087400496006 471.26055559515953 206.70513564348221 45.635935842990875 258.21442654728889 11.769252285361288
leaf_count=233 204 1055 214 1020 112 185 262 1823 133 688 261 345 455 112 65 141 173 3072 150 376 220 3606 95 2715 198 1612 1265 256 1012 77
internal_value=0.0569015 0.0100413 0.0779553 0.0657809 0.0320437 0.0500681 0.0233853 -0.0115564 0.0653732 0.028703 0.0345768 0.0429333 0.0340005 0.0747532 0.0757913 0.0567882 0.0808051 -0.0175149 0.0380546 0.073796 0.0424628 0.0943346 -0.00910292 0.0841921 0.0611345 0.0645933 0.00447804 0.041578 0.048597 0.0551073
internal_weight=5784.98 1796.75 3988.23 2308.28 888.6 856.155 715.065 908.148 173.535 301.048 273.491 230.932 454.02 1452.12 1429.59 316.896 1112.7 728.857 422.916 154.403 98.2554 1679.95 480.21 1014.44 555.108 511.191 261.045 399.726 315.62 269.984
internal_count=22135 10347 11788 7949 4302 3503 3681 6045 621 1479 1294 1033 2154 4446 4334 1161 3173 4990 1950 509 393 3839 3167 2780 2024 1810 1527 1800 1345 1089
is_linear=0
shrinkage=0.03


Tree=4
num_leaves=31
num_cat=0
split_feature=85 86 98 87 213 98 108 86 98 152 170 202 70 160 202 86 114 1 2 202 159 186 188 86 189 1 152 3 193 202
split_gain=5629.2 971.281 477.951 456.676 218.434 198.098 155.468 145.991 137.272 123.942 123.198 119.694 118.452 107.744 102.522 102.253 101.312 100.754 93.928 93.9263 89.7636 89.1685 84.2047 80.6821 82.1983 82.0419 86.117 77.1635 75.683 83.5658
threshold=0.16266285628080371 0.16465787589550021 0.75182458758354198 0.18858744949102405 -0.26447287201881403 0.52771052718162548 -0.22067185491323468 0.22313973307609561 -0.46592591702938074 -0.47909648716449732 0.060456387698650367 0.12950804829597476 1.3186730146408083 0.19434742629528048 -0.11269783973693846 0.098185494542121901 0.68301436305046093 0.086556505411863341 0.14471616595983508 -0.39435857534408564 0.73095241189003002 0.18433170020580295 -0.12591408938169477 0.50251236557960521 -0.19742065668106076 -0.11655743420124053 0.56147953867912304 0.088217820972204222 0.025000005960464481 -0.28016665577888483
decision_type=2 2 2 2 2 2 2 2 2 2 2 2 2 2 2 2 2 2 2 2 2 2 2 2 2 2 2 2 2 2
left_child=1 4 6 5 -1 7 -3 -2 9 -8 -7 -10 -5 23 -11 -6 28 -9 27 -17 22 -12 -19 24 -4 26 -26 -13 29 -14
right_child=3 2 13 12 15 10 8 17 11 14 21 18 16 -15 -16 19 -18 20 -20 -21 -22 -23 -24 -25 25 -27 -28 -29 -30 -31
leaf_value=0.058647338875239645 0.052300592716437638 0.018518128555078239 0.010473419558918229 -0.030281002779435809 0.095441264780874988 -0.023140430039268439 0.0052585781761143443 -0.0056833093746691569 0.06515936656337469 0.066082418774222842 0.075503393298254395 -0.014106068736797695 0.038783659672672326 0.015583963835087913 0.027143392784923743 0.01398570279789596 -0.020284269531267746 -0.0053744188245206468 -0.026340558566571189 0.080081863809189052 0.0072084382571513785 0 0.071742355350250947 0.014197983239512907 -0.0072751393327589514 0.081352990615760526 0.059436453367701141 0.04950899435161614 0.024864751074566645 -0.015359661823881071
leaf_weight=386.98688751459122 62.312175333499908 241.02687655389309 19.676874101161957 262.99960041046143 874.51402986049652 12.823224067687987 114.71365827322006 283.26198726892471 392.22552561759949 103.20426969230175 88.417834118008614 17.133760780096054 24.028253152966499 34.419133484363556 181.7766138613224 23.348661869764328 222.59967961907387 15.818929851055143 18.118061780929565 1363.4312221556902 124.61726407706738 16.207056850194931 40.489409133791924 23.805281698703766 21.473554745316505 633.28405150771141 58.257610693573952 94.708820134401321 111.69240008294582 142.72654147446156
leaf_count=1227 248 1216 90 1943 1643 87 615 1752 1304 358 264 97 116 172 855 99 1580 96 118 3407 714 88 141 115 116 1617 193 354 615 956
internal_value=0.0538966 0.0699344 0.0534891 0.00138205 0.0818903 0.0198853 0.0407877 0.0116374 0.0464154 0.0321313 0.0540408 0.0567593 -0.0142381 0.0716294 0.0425271 0.0856701 -0.00549529 0.00546061 0.0292963 0.0790524 0.0225255 0.0644524 0.051713 0.0739994 0.0757754 0.0774436 0.0422113 0.0394183 0.00649821 -0.00624938
internal_weight=6010.1 4602.1 1953.82 1407.99 2648.28 643.948 1162.91 526.5 921.881 399.695 117.448 522.186 764.046 790.917 284.981 2261.29 501.047 464.188 129.961 1386.78 180.926 104.625 56.3083 756.497 732.692 713.015 79.7312 111.843 278.447 166.755
internal_count=22196 13596 7220 8600 6376 3390 4917 2951 3701 1828 439 1873 5210 2303 1213 5149 3267 2703 569 3506 951 352 237 2131 2016 1926 309 451 1687 1072
is_linear=0
shrinkage=0.03


Tree=5
num_leaves=31
num_cat=0
split_feature=85 18 86 98 98 101 88 173 173 158 75 86 152 212 10 73 172 201 80 2 172 186 78 167 66 201 211 88 168 202
split_gain=4936.86 694.807 687.38 398.608 185.572 171.015 160.695 139.168 136.497 123.211 103.686 103.039 98.9881 98.2813 91.8125 87.8814 87.4276 86.9984 89.8999 85.29 83.4348 84.9698 79.7115 77.1635 74.4777 71.4666 70.3998 68.1711 66.0491 65.9286
threshold=0.14500171691179278 0.22396993637084964 0.13001942634582522 0.25573775172233587 0.52771052718162548 -0.260405883193016 0.21261437982320788 0.7218604087829591 0.49682894349098211 0.18051168322563174 -0.036304030567407601 0.39583487808704382 -0.27443511784076685 -1.3885619044303892 0.48828019201755529 -0.20227047055959699 -0.028842790052294728 0.2547172904014588 -0.00031955538725014771 -0.72476765513420094 0.083661962300539031 0.19300375878810885 0.10159140825271608 0.20035286247730258 0.72030723094940197 -0.2585225105285644 -0.46256066858768458 0.43180108070373541 0.18167795240879062 -0.016797536052763459
decision_type=2 2 2 2 2 2 2 2 2 2 2 2 2 2 2 2 2 2 2 2 2 2 2 2 2 2 2 2 2 2
left_child=2 8 29 6 5 10 23 11 -2 13 -3 -8 -7 -5 -11 -12 -17 18 25 -20 21 -6 -15 -4 28 -10 -9 -14 -18 -1
right_child=1 4 3 9 20 12 7 26 17 14 15 -13 27 22 -16 16 24 -19 19 -21 -22 -23 -24 -25 -26 -27 -28 -29 -30 -31
leaf_value=0.071965613029603831 -0.026981400216645707 -0.013343128718750487 0.018825932580555312 -0.0020415387928815953 0.072044623231235019 0.0060805960564233458 0.023718240253841828 0.015148610988331208 0.049518705495533881 0.050189585367848386 -0.0097557661329475531 -0.021338788607836816 0.059463234345134161 0.06962998316917425 -0.0090199888981501181 0.055792395026040539 0.031983902782057413 0.027754237887162463 0.050689992066454012 -0.024829268261041641 -0.009338168334031817 -0.0001729729722869757 6.2345820878422094e-05 0.05471709589289505 0.052162064372018951 -0.00053957514687225257 0.080250852566254041 -0.018169171931589241 -0.013893824435559166 0.087276841102864253
leaf_weight=778.2329093515873 330.56797580420971 132.70470398664474 70.854375675320625 17.054135456681252 117.82574099302292 54.193025857210159 270.40096923708916 26.207776218652725 21.741028487682343 56.572553083300591 70.254345282912254 48.763392433524132 134.1439228951931 1544.1182283908129 34.07187083363533 62.949277445673943 35.534392073750496 66.558877319097519 7.8102052211761466 218.52306494116783 13.546278998255728 16.248297780752182 15.284209236502646 581.89345368742943 27.431733027100563 235.22353273630142 49.324057042598724 7.6804257333278647 76.98844863474369 1082.5948380678892
leaf_count=1801 2408 833 320 85 336 299 1297 130 91 201 447 309 519 4121 193 248 168 354 30 1542 82 87 76 1971 103 1482 133 55 484 2050
internal_value=0.0509463 0.00607019 0.066897 0.0569234 0.0271768 0.0193349 0.0418537 0.0259478 -0.0119585 0.0661709 0.00790551 0.0164918 0.0418596 0.0681778 0.0287749 0.0183414 0.0281208 -0.00268247 -0.00723198 -0.0207358 0.0567593 0.0636439 0.0689582 0.0510782 0.0135384 0.00485679 0.0609899 0.0545317 0.00153105 0.0811727
internal_weight=6205.3 1629.93 4575.37 2714.55 749.501 601.88 1047.44 394.696 880.425 1667.1 405.863 319.164 196.017 1576.46 90.6444 273.158 202.904 549.857 483.298 226.333 147.62 134.074 1559.4 652.748 139.955 256.965 75.5318 141.824 112.523 1860.83
internal_count=22255 9568 12687 8836 3661 3156 4160 1869 5907 4676 2283 1606 873 4282 394 1450 1003 3499 3145 1572 505 423 4197 2291 755 1573 263 574 652 3851
is_linear=0
shrinkage=0.03


Tree=6
num_leaves=31
num_cat=0
split_feature=85 17 99 88 1 7 1 18 2 3 5 165 1 188 202 174 107 202 7 210 157 168 168 10 98 165 165 201 200 212
split_gain=4289.22 751.69 454.101 241.082 182.735 180.707 168.447 148.221 146.241 135.47 133.63 121.702 106.755 111.8 102.093 91.6454 91.0186 88.568 87.7202 81.0642 76.3987 74.284 93.2268 72.0486 81.1239 82.589 69.2045 82.3391 94.4305 93.2565
threshold=0.16266285628080371 0.22396993637084964 -0.43041984736919398 0.18494790047407153 -0.15661948174238202 0.22385613620281222 -0.19352876394987104 0.50316895544528972 -0.21053867787122724 0.11043365299701692 1.1385689377784731 -0.023625712841749188 0.18529728055000308 -0.043154753744602196 -0.021444350481033322 0.1910316273570061 -0.22842460125684735 -0.053797397762536996 0.25075881183147436 -1.3573662042617796 0.017714569345116619 0.20573768764734271 0.39467653632164007 0.40253517031669622 -0.19228750467300412 -0.01153357047587633 0.0070361553225666293 -0.042900808155536645 -0.014892919920384882 -0.86163035035133351
decision_type=2 2 2 2 2 2 2 2 2 2 2 2 2 2 2 2 2 2 2 2 2 2 2 2 2 2 2 2 2 2
left_child=1 3 10 7 -3 14 -7 19 -8 20 -2 -10 18 21 17 26 -11 -4 -6 -1 -5 -14 -23 -18 25 -25 27 28 -13 -29
right_child=2 4 5 9 12 6 8 -9 11 16 -12 15 13 -15 -16 -17 23 -19 -20 -21 -22 22 -24 24 -26 -27 -28 29 -30 -31
leaf_value=0 0.0018197124776103467 0.038071396425271478 0.0064760528579929739 0.07372253708618566 0.074123865316513993 -0.022520867267166893 -0.022543118335435791 0.031945348480082451 -0.009492887036506659 0.0095605847748868739 -0.022747626020803168 0.061770933896610258 -0.012169614425705353 0.068504358259450546 -0.015345310944658803 -0.00099591044332027743 0.021402332932157667 0.059155603303966263 0.012295867788526267 0.069782360638991695 0.032516730035312046 0.054202295324881938 -0.0025354426754883317 -0.00975156945004204 0.063616539730490473 0.039054918800302145 0.020131175146867582 0.011100120878068859 -0.016266424266333915 0.092471199048581018
leaf_weight=15.405111551284788 339.81386931240559 183.06330873072147 113.07674264907837 107.10912974178791 2790.17897772789 33.417340159416199 22.597749963402748 163.16130079329014 24.728719562292099 191.9074831455946 468.95963250100613 25.369085192680359 25.006082102656364 199.95609912276268 126.64940802752972 21.296145915985107 261.18744707107544 32.79792083799839 24.30402672290802 453.08618883788586 94.644618943333626 101.68466502428055 33.031580775976181 35.437446355819702 117.65805304050446 151.03408417105675 36.212474822998047 16.797958672046661 20.093995049595833 114.25597049295902
leaf_count=73 2064 645 656 259 6003 223 151 636 153 989 3449 77 120 491 829 125 1202 127 104 1135 360 282 152 206 352 612 175 89 123 261
internal_value=0.0485128 0.0615996 0.00204789 0.0442215 0.069721 0.0219911 0.0372244 0.0587949 0.0447314 0.034255 -0.0124855 0.0510853 0.0714552 0.0533624 0.00386729 0.0576197 0.0279381 0.0205554 0.0736255 0.0675157 0.0561813 0.032263 0.0407784 0.0339651 0.0439961 0.0297081 0.0633802 0.0710893 0.0295112 0.0832091
internal_weight=6343.92 4947.86 1396.07 1590.63 3357.22 587.294 314.769 631.653 281.352 958.978 808.774 258.754 3174.16 359.678 272.524 234.026 757.225 145.875 2814.48 468.491 201.754 159.722 134.716 565.317 304.13 186.472 212.729 176.517 45.4631 131.054
internal_count=22123 13621 8502 5824 7797 2989 1377 1844 1154 3980 5513 1003 7152 1045 1612 850 3361 783 6107 1208 619 554 434 2372 1170 818 725 550 200 350
is_linear=0
shrinkage=0.03


Tree=7
num_leaves=31
num_cat=0
split_feature=87 3 99 18 98 7 6 158 74 174 6 6 165 70 84 201 72 98 200 167 211 74 81 169 173 111 6 87 184 227
split_gain=3838.94 685.569 389.913 205.152 200.456 177.332 134.681 125.33 124.839 122.382 115.081 138.03 120.427 118.047 110.735 108.686 100.691 120.355 209.31 120.367 90.4774 88.3381 87.907 83.3054 81.7705 86.3312 122.474 85.2218 84.0227 112.588
threshold=0.11339932680130006 0.2074287757277489 -0.44870173931121821 0.22396993637084964 0.78102979063987743 0.20824074000120166 0.16007012873888019 0.15977373719215396 -0.22818913310766217 0.24381698668003085 0.10671144351363183 0.072475306689739241 -0.023625712841749188 2.6943532228469853 -0.2382073178887367 -0.15695811808109281 -1.139435827732086 1.0873812437057497 0.024242715910077099 0.36731715500354772 -1.1155755519866941 -0.21053867787122724 -0.1022352986037731 -0.04920422472059726 0.45594392716884619 -0.42696665227413172 0.046016972512006767 0.14567132294178012 0.37499395012855535 0.45080643892288214
decision_type=2 2 2 2 2 2 2 2 2 2 2 2 2 2 2 2 2 2 2 2 2 2 2 2 2 2 2 2 2 2
left_child=1 4 24 8 6 -4 7 -1 -3 14 11 -7 -13 20 -10 -16 -5 19 -19 23 -14 -22 -6 -18 27 26 -26 -2 29 -27
right_child=2 3 5 16 22 10 -8 -9 9 -11 -12 12 13 -15 15 -17 17 18 -20 -21 21 -23 -24 -25 25 28 -28 -29 -30 -31
leaf_value=0.05402333959151346 0.011256087404767716 -0.011170881397237634 -0.017899107315049678 0.056348871642855028 0.0047034067864872801 -0.0038680036249589332 0.083529966057560884 -0.010669007007947906 0.050770188508136804 -0.024707966694377019 -0.0093355960991973429 -0.019622186177479541 -0.0064971091800691081 0.0079932918992357722 0.053394394806102433 -0.025177085356632076 -0.0077030697637055483 0.068360698769146439 -0.0029120787337337784 0.058482474355723679 -0.010741214378300912 0.059295176947565399 0.072156387601905181 0.026244234112969642 0.073873204066355017 -0.020769637967539355 -0.0027782069163199631 -0.032109417585074906 -0.022727093152141432 0.028760250604817277
leaf_weight=1476.2102492302656 44.408358171582222 90.174505367875099 98.077618427574635 500.07873252034187 18.901003867387772 86.467875145375729 164.39503295719624 25.022378414869308 146.57749600708485 27.727738529443741 73.333002224564552 26.687599524855614 21.354134857654572 77.333907529711723 16.934275314211845 39.85745020210743 84.10313218832016 181.75535078346729 45.11019740998745 77.63202103972435 14.915090560913084 254.30479280650616 1944.4215617328882 239.98245860636234 20.936565101146698 70.523936845362186 54.928103074431419 250.84240949898958 219.58085690438747 81.61488139629364
leaf_count=4129 233 544 670 1448 77 499 236 139 545 184 444 180 125 404 53 249 431 431 202 217 96 907 3836 988 79 510 359 1929 1577 444
internal_value=0.0455307 0.0576242 0.00143507 0.039814 0.064647 0.0182612 0.0562605 0.0528936 0.0180668 0.0295125 0.0248204 0.0301079 0.0375168 0.0419786 0.0375311 0.00137513 0.0458456 0.0369445 0.0544809 0.0262518 0.0505874 0.0552032 0.0715314 0.0174263 -0.0133628 -0.00510217 0.0227023 -0.0254425 -0.0111193 0.00583102
internal_weight=6474.19 5078.88 1395.31 1449.93 3628.95 652.474 1665.63 1501.23 321.271 231.097 554.396 481.063 394.596 367.908 203.369 56.7917 1128.66 628.583 226.866 401.718 290.574 269.22 1963.32 324.086 742.835 447.584 75.8647 295.251 371.72 152.139
internal_count=22165 13709 8456 5292 8417 3325 4504 4268 1575 1031 2655 2211 1712 1532 847 302 3717 2269 633 1636 1128 1003 3913 1419 5131 2969 438 2162 2531 954
is_linear=0
shrinkage=0.03


Tree=8
num_leaves=31
num_cat=0
split_feature=85 86 99 98 7 165 211 173 165 74 172 159 211 1 170 170 188 172 83 159 213 1 88 123 213 74 90 193 156 157
split_gain=3522.03 578.527 382.888 325.789 165.888 134.155 115.764 111.87 110.58 110.117 118.748 106.859 104.168 97.1389 93.1449 90.9737 88.628 102.266 87.3496 87.7815 83.3748 82.2215 100.087 100.085 81.5335 81.3998 78.4467 79.5728 89.0787 78.0262
threshold=0.16184583306312564 0.14549681544303897 -0.43041984736919398 -0.16949523985385892 0.22385613620281222 -0.0080187902785837633 -0.87760660052299488 0.50482630729675304 -0.023625712841749188 -0.21053867787122724 -0.0042216442525386802 0.67499998211860668 -0.63958442211151112 -0.15013708919286725 0.1623715162277222 0.065969772636890425 -0.070143010467290864 -0.073866106569766984 -0.017545734532177445 0.92500004172325145 -0.29856316745281214 0.028804968111217025 0.38507701456546789 0.35388994216918951 -1.4776846170425413 0.035987975075840957 0.83615872263908397 -0.049999967217445367 0.89286974072456371 0.52671334147453319
decision_type=2 2 2 2 2 2 2 2 2 2 2 2 2 2 2 2 2 2 2 2 2 2 2 2 2 2 2 2 2 2
left_child=1 16 7 5 -4 14 -6 -2 -8 -10 -11 -7 25 -5 -3 -12 17 -1 -15 24 -18 22 23 -14 -20 -13 27 -9 -29 -26
right_child=2 3 4 13 6 11 8 26 9 10 15 12 21 18 -16 -17 20 -19 19 -21 -22 -23 -24 -25 29 -27 -28 28 -30 -31
leaf_value=-0.013591626550676908 -0.0241169483555384 -0.011501782162024304 0.0016793031878517314 0.031087091902288453 -0.0094769562024148764 -0.0040960649125727942 -0.015100833107312795 -0.013617230940495609 -0.024357644986171149 0.068764801724182617 -0.026864760264056455 -0.0058560705391937891 0.012766477547654542 0.0035699834615407701 0.028333083922680514 0.037171887751918868 0.047806266253017093 0.051937063495469248 -0.010865327481918692 -0.0031781608893542996 0.069838023562498963 0.061267978408173239 -0.026328023612084746 0.051815224153448275 0.059025723770401814 0.038645523626427876 -0.021654635275738111 0.029557575156924396 -0.012246447802896658 0.027831335326796731
leaf_weight=20.111092776060104 368.50800963491201 105.95086753368378 272.06291820108891 210.30001737177372 46.417799636721611 53.961409062147141 26.184925585985184 112.01659409701824 14.746986851096151 138.65685647726059 19.475503414869308 75.523741170763969 96.942369475960732 30.861404463648796 92.735951349139214 90.943575784564018 244.54411797225475 280.62141062319279 13.657903894782065 21.376129239797592 1968.4890462011099 195.52594305574894 18.117103189229965 175.94125951826572 1451.0645627379417 62.081645712256432 120.53308492153883 143.70974241197109 60.892404496669769 96.728736937046051
leaf_count=91 2736 595 1610 782 282 284 169 767 101 376 128 395 441 144 383 359 642 662 70 99 3598 571 118 565 3573 237 903 765 415 321
internal_value=0.0434264 0.0548007 0.00141388 0.0448944 0.0192629 0.0294379 0.033128 -0.0121038 0.0400452 0.0458061 0.0505536 0.0357468 0.0392154 0.0521775 0.00737136 0.0248596 0.0652857 0.0473113 0.0547735 0.0557451 0.0675666 0.0457193 0.034043 0.0386468 0.056569 0.0150474 -0.00173293 0.00612294 0.017073 0.0572171
internal_weight=6628.68 5214.53 1414.15 2700.77 608.489 876.78 336.426 805.66 290.008 263.823 249.076 678.093 624.132 1823.99 198.687 110.419 2513.77 300.733 1613.69 1582.83 2213.03 486.527 291.001 272.884 1561.45 137.605 437.152 316.619 204.602 1547.79
internal_count=22182 13571 8611 8578 3025 3589 1415 5586 1133 964 863 2611 2327 4989 978 487 4993 753 4207 4063 4240 1695 1124 1006 3964 632 2850 1947 1180 3894
is_linear=0
shrinkage=0.03


Tree=9
num_leaves=31
num_cat=0
split_feature=87 86 87 98 175 213 98 165 70 86 18 224 155 225 2 100 5 10 88 78 1 193 10 155 99 103 213 3 177 98
split_gain=3119.07 562.99 395.973 211.855 143.554 143.225 111.35 104.393 95.8248 95.5487 123.742 93.8649 99.2929 91.2958 101.555 89.557 84.2198 80.6714 78.8109 76.0016 74.5895 72.5053 71.7359 105.134 69.6258 68.0187 66.9602 65.2494 64.239 64.1573
threshold=0.11339932680130006 0.18224476277828219 0.19928193837404254 0.73993533849716198 0.20280900597572329 -0.28892350196838373 0.044772638007998473 -0.015606746077537535 1.3186730146408083 0.23615528643131259 0.46720869839191442 0.64400920271873485 0.47333700954914099 0.22401433438062671 -0.31542220711708063 -0.31372530758380884 1.0933871865272524 0.17917595058679583 0.080374073237180724 -0.0019789523212239142 -0.16673927754163739 0.025000005960464481 0.53471076488494884 0.25094297528266912 0.46009014546871191 -0.68466225266456593 1.6249636411666872 0.24316004663705829 0.14876606315374377 0.96836796402931224
decision_type=2 2 2 2 2 2 2 2 2 2 2 2 2 2 2 2 2 2 2 2 2 2 2 2 2 2 2 2 2 2
left_child=1 5 6 4 7 17 9 -3 -4 10 27 12 -11 21 24 -16 19 -1 -7 -10 -13 -9 -5 -24 -15 -22 28 -2 29 -20
right_child=2 3 8 22 -6 18 -8 13 16 11 -12 20 -14 14 15 -17 -18 -19 26 -21 25 -23 23 -25 -26 -27 -28 -29 -30 -31
leaf_value=0.063662557157717292 0.059670314954756463 0.0053239245163683386 -0.029814710066026866 0.055381227584816832 -0.014916257005210759 0.076680400770856014 0.051057001114775305 -0.0035093162823453166 -0.014493527802218863 -0.013356717775382507 0.0088177916289544182 -0.011870298148083982 0.06007159236705046 -0.023283996362201551 0.017404722957797863 0.048720452575572892 -0.015114586141538315 0.034614035082389548 0.054965579733196178 0.028741996024365821 -0.0066779081034555373 0.034494779399548647 0.039808265262477424 -0.023950995198176957 0.046209684546951166 0.046051216129477185 0.00030473062178553286 -0.0019626609044369218 0.0032065845316216375 0.066474329360706991
leaf_weight=132.80820721387863 90.890527918934822 122.60262002050877 236.1558286100626 606.20159634947777 59.189859986305237 375.22114497423172 71.43971012532711 90.960088714957237 53.545416161417961 229.24377025663853 160.64361518621445 40.512214735150337 10.890478186309336 34.993815183639526 111.12497071921825 518.54073984920979 299.09287746995687 373.52986007928848 1422.8292274326086 88.211634427309036 26.549650363624096 79.722408697009087 196.65211318433285 21.399482190608978 11.770849362015722 83.213660426437855 17.53720635175705 17.451632305979729 19.091902315616608 1141.3407048583031
leaf_count=284 282 618 1871 1515 362 494 220 468 358 1447 781 265 33 231 471 1672 2171 1113 3230 463 160 301 579 118 31 338 69 95 72 2022
internal_value=0.0415259 0.0519943 0.00178393 0.0383345 0.0288743 0.059169 0.0170255 0.0316457 -0.01466 0.0128251 0.0263471 0.00318234 -0.00837695 0.0353681 0.0403269 0.0434624 -0.00617933 0.0430179 0.061806 0.0124267 0.0212711 0.0148422 0.0497883 0.032954 -0.00185789 0.0335714 0.059456 0.0501349 0.0598516 0.0602594
internal_weight=6743.36 5335.52 1407.84 1853.16 1028.91 3482.36 730.835 969.715 677.006 659.396 268.986 390.41 240.134 847.113 676.43 629.666 440.85 506.338 2976.02 141.757 150.276 170.682 824.253 218.052 46.7647 109.763 2600.8 108.342 2583.26 2564.17
internal_count=22134 13650 8484 6366 4154 7284 3621 3792 4863 3401 1158 2243 1480 3174 2405 2143 2992 1397 5887 821 763 769 2212 697 262 498 5393 377 5324 5252
is_linear=0
shrinkage=0.03


end of trees

feature_importances:
Column_98=20
Column_7=13
Column_86=13
Column_165=11
Column_1=10
Column_88=10
Column_202=10
Column_85=9
Column_87=9
Column_159=7
Column_201=7
Column_3=6
Column_172=6
Column_211=6
Column_5=5
Column_6=5
Column_10=5
Column_99=5
Column_155=5
Column_173=5
Column_188=5
Column_213=5
Column_2=4
Column_18=4
Column_70=4
Column_74=4
Column_83=4
Column_152=4
Column_170=4
Column_193=4
Column_212=4
Column_78=3
Column_157=3
Column_167=3
Column_168=3
Column_169=3
Column_174=3
Column_184=3
Column_200=3
Column_225=3
Column_17=2
Column_36=2
Column_66=2
Column_72=2
Column_75=2
Column_81=2
Column_84=2
Column_108=2
Column_109=2
Column_156=2
Column_158=2
Column_160=2
Column_177=2
Column_186=2
Column_189=2
Column_199=2
Column_204=2
Column_224=2
Column_22=1
Column_69=1
Column_71=1
Column_73=1
Column_80=1
Column_82=1
Column_90=1
Column_96=1
Column_100=1
Column_101=1
Column_103=1
Column_107=1
Column_111=1
Column_114=1
Column_123=1
Column_151=1
Column_175=1
Column_191=1
Column_203=1
Column_209=1
Column_210=1
Column_216=1
Column_226=1
Column_227=1

parameters:
[boosting: gbdt]
[objective: binary]
[metric: binary_logloss]
[tree_learner: serial]
[device_type: cpu]
[data_sample_strategy: bagging]
[data: ]
[valid: ]
[num_iterations: 10]
[learning_rate: 0.03]
[num_leaves: 31]
[num_threads: 10]
[seed: 20260826]
[deterministic: 0]
[force_col_wise: 0]
[force_row_wise: 0]
[histogram_pool_size: -1]
[max_depth: -1]
[min_data_in_leaf: 35]
[min_sum_hessian_in_leaf: 0.001]
[bagging_fraction: 0.9]
[pos_bagging_fraction: 1]
[neg_bagging_fraction: 1]
[bagging_freq: 1]
[bagging_seed: 26062]
[bagging_by_query: 0]
[feature_fraction: 0.8]
[feature_fraction_bynode: 1]
[feature_fraction_seed: 27632]
[extra_trees: 0]
[extra_seed: 31828]
[early_stopping_round: 0]
[early_stopping_min_delta: 0]
[first_metric_only: 0]
[max_delta_step: 0]
[lambda_l1: 0.35]
[lambda_l2: 7]
[linear_lambda: 0]
[min_gain_to_split: 0]
[drop_rate: 0.1]
[max_drop: 50]
[skip_drop: 0.5]
[xgboost_dart_mode: 0]
[uniform_drop: 0]
[drop_seed: 14724]
[top_rate: 0.2]
[other_rate: 0.1]
[min_data_per_group: 100]
[max_cat_threshold: 32]
[cat_l2: 10]
[cat_smooth: 10]
[max_cat_to_onehot: 4]
[top_k: 20]
[monotone_constraints: ]
[monotone_constraints_method: basic]
[monotone_penalty: 0]
[feature_contri: ]
[forcedsplits_filename: ]
[refit_decay_rate: 0.9]
[cegb_tradeoff: 1]
[cegb_penalty_split: 0]
[cegb_penalty_feature_lazy: ]
[cegb_penalty_feature_coupled: ]
[path_smooth: 0]
[interaction_constraints: ]
[verbosity: -1]
[saved_feature_importance_type: 0]
[use_quantized_grad: 0]
[num_grad_quant_bins: 4]
[quant_train_renew_leaf: 0]
[stochastic_rounding: 1]
[linear_tree: 0]
[max_bin: 255]
[max_bin_by_feature: ]
[min_data_in_bin: 3]
[bin_construct_sample_cnt: 200000]
[data_random_seed: 4779]
[is_enable_sparse: 1]
[enable_bundle: 1]
[use_missing: 1]
[zero_as_missing: 0]
[feature_pre_filter: 1]
[pre_partition: 0]
[two_round: 0]
[header: 0]
[label_column: ]
[weight_column: ]
[group_column: ]
[ignore_column: ]
[categorical_feature: ]
[forcedbins_filename: ]
[precise_float_parser: 0]
[parser_config_file: ]
[objective_seed: 19760]
[num_class: 1]
[is_unbalance: 0]
[scale_pos_weight: 4.95623]
[sigmoid: 1]
[boost_from_average: 1]
[reg_sqrt: 0]
[alpha: 0.9]
[fair_c: 1]
[poisson_max_delta_step: 0.7]
[tweedie_variance_power: 1.5]
[lambdarank_truncation_level: 30]
[lambdarank_norm: 1]
[label_gain: ]
[lambdarank_position_bias_regularization: 0]
[eval_at: ]
[multi_error_top_k: 1]
[auc_mu_weights: ]
[num_machines: 1]
[local_listen_port: 12400]
[time_out: 120]
[machine_list_filename: ]
[machines: ]
[gpu_platform_id: -1]
[gpu_device_id: -1]
[gpu_device_id_list: ]
[gpu_use_dp: 0]
[num_gpu: 1]

end of parameters

pandas_categorical:null
